# Matter power spectrum P(k) at redshift z=0
# for k=1.04206e-05 to 1.08688 h/Mpc,
# number of wavenumbers equal to 603
#    1:k (h/Mpc)              2:P (Mpc/h)^3        
       1.042057218184e-05       2.783264278942e+03 
       2.326967407118e-05       6.047883447910e+03 
       3.616373025385e-05       9.259278074363e+03 
       4.913726151694e-05       1.245038395452e+04 
       6.222535674519e-05       1.564017162443e+04 
       7.546398425925e-05       1.884299468598e+04 
       8.889031306114e-05       2.207121776956e+04 
       1.025430482400e-04       2.533629190485e+04 
       1.164627848241e-04       2.864931039381e+04 
       1.306923843984e-04       3.202134738092e+04 
       1.452773788140e-04       3.546369251088e+04 
       1.602664052592e-04       3.898803712795e+04 
       1.757116767896e-04       4.260663438427e+04 
       1.916694920592e-04       4.633243889155e+04 
       2.082007873531e-04       5.017926044187e+04 
       2.253717329846e-04       5.416189083458e+04 
       2.432543744979e-04       5.829624940033e+04 
       2.619273167265e-04       6.259952570952e+04 
       2.814764453069e-04       6.709032312944e+04 
       3.019956754356e-04       7.178878753214e+04 
       3.235877111086e-04       7.671676347418e+04 
       3.463647893982e-04       8.189789586725e+04 
       3.704493731400e-04       8.735773661525e+04 
       3.959747414598e-04       9.312381835030e+04 
       4.230854108700e-04       9.922565489760e+04 
       4.519373007024e-04       1.056947013213e+05 
       4.826975366868e-04       1.125642069065e+05 
       5.155437679602e-04       1.198689390327e+05 
       5.506628596178e-04       1.276447883142e+05 
       5.882488207355e-04       1.359281539122e+05 
       6.284998437510e-04       1.447552020794e+05 
       6.716143729589e-04       1.541608308741e+05 
       7.177861941321e-04       1.641775291460e+05 
       7.671986460617e-04       1.748340220916e+05 
       8.200181922824e-04       1.861538458838e+05 
       8.763877404929e-04       1.981538778146e+05 
       9.364202297721e-04       2.108431073409e+05 
       1.000193085873e-03       2.242215372429e+05 
       1.067744139097e-03       2.382795453501e+05 
       1.139069488995e-03       2.529977522483e+05 
       1.214123592691e-03       2.683473449946e+05 
       1.292821585146e-03       2.842910533222e+05 
       1.375043566260e-03       3.007832323524e+05 
       1.460640369998e-03       3.177736797313e+05 
       1.549440206739e-03       3.352095532149e+05 
       1.641255555047e-03       3.530348671395e+05 
       1.735889757970e-03       3.711930206597e+05 
       1.833142917693e-03       3.896282812550e+05 
       1.932816842085e-03       4.082868273216e+05 
       2.034718945141e-03       4.271175642456e+05 
       2.138665120595e-03       4.460726856772e+05 
       2.244481687023e-03       4.651080273603e+05 
       2.352006545691e-03       4.841832557869e+05 
       2.461089706729e-03       5.032617830755e+05 
       2.571593333874e-03       5.223107311471e+05 
       2.683391441209e-03       5.413006424003e+05 
       2.796369353385e-03       5.602054169186e+05 
       2.910423018044e-03       5.790019039284e+05 
       3.025458238157e-03       5.976697834845e+05 
       3.141389873900e-03       6.161911365312e+05 
       3.258141048979e-03       6.345504057281e+05 
       3.375642384775e-03       6.527339603617e+05 
       3.493831276973e-03       6.707300500621e+05 
       3.612651222911e-03       6.885284484943e+05 
       3.732051203381e-03       7.061204907522e+05 
       3.851985119443e-03       7.234986691254e+05 
       3.972411282778e-03       7.406567697515e+05 
       4.093291956816e-03       7.575893639162e+05 
       4.214592945137e-03       7.742922301361e+05 
       4.336283223305e-03       7.907616091906e+05 
       4.458334610212e-03       8.069948273301e+05 
       4.580721475085e-03       8.229894919125e+05 
       4.703420476514e-03       8.387435639357e+05 
       4.826410330102e-03       8.542537014354e+05 
       4.949671601620e-03       8.695246333667e+05 
       5.073186522822e-03       8.845514676877e+05 
       5.196938827396e-03       8.993353104445e+05 
       5.320913604738e-03       9.138784426206e+05 
       5.445097169534e-03       9.281817160073e+05 
       5.569476945340e-03       9.422422465572e+05 
       5.694041360547e-03       9.560198142462e+05 
       5.818779755339e-03       9.696000716416e+05 
       5.943682298366e-03       9.829419138047e+05 
       6.068739912061e-03       9.960439154618e+05 
       6.193944205599e-03       1.008915292987e+06 
       6.319287414666e-03       1.021561575764e+06 
       6.444762347267e-03       1.033986450016e+06 
       6.570362334913e-03       1.046152038983e+06 
       6.696081188603e-03       1.058094510756e+06 
       6.821913159065e-03       1.069808018140e+06 
       6.947852900830e-03       1.081301914873e+06 
       7.073895439691e-03       1.092573690153e+06 
       7.200036143231e-03       1.103622537901e+06 
       7.326270694071e-03       1.114453091285e+06 
       7.452595065570e-03       1.125058459605e+06 
       7.579005499726e-03       1.135460481945e+06 
       7.705498487058e-03       1.145678330523e+06 
       7.832070748261e-03       1.155655714636e+06 
       7.958719217469e-03       1.165423626181e+06 
       8.085441026969e-03       1.174985389139e+06 
       8.212233493217e-03       1.184346262527e+06 
       8.339094104040e-03       1.193504220029e+06 
       8.466020506906e-03       1.202461990409e+06 
       8.593010498167e-03       1.211222353897e+06 
       8.720062013184e-03       1.219787573232e+06 
       8.847173117248e-03       1.228159512534e+06 
       8.974341997231e-03       1.236337714085e+06 
       9.101566953904e-03       1.244328734800e+06 
       9.228846394849e-03       1.252132817278e+06 
       9.356178827935e-03       1.259751352558e+06 
       9.483562855287e-03       1.267187826262e+06 
       9.610997167722e-03       1.274443659762e+06 
       9.738480539603e-03       1.281522449227e+06 
       9.866011824080e-03       1.288418437494e+06 
       9.993589948689e-03       1.295146780953e+06 
       1.012121391127e-02       1.301694132995e+06 
       1.024888277620e-02       1.308073606390e+06 
       1.037659567085e-02       1.314288813470e+06 
       1.050435178240e-02       1.320331809801e+06 
       1.063215035476e-02       1.326206414107e+06 
       1.075999068579e-02       1.331924991633e+06 
       1.088787212472e-02       1.337472404752e+06 
       1.101579406970e-02       1.342867517887e+06 
       1.114375596555e-02       1.348102940171e+06 
       1.127175730171e-02       1.353182569030e+06 
       1.139979761025e-02       1.358107332745e+06 
       1.152787646409e-02       1.362879109766e+06 
       1.165599347531e-02       1.367500617328e+06 
       1.178414829358e-02       1.371973392898e+06 
       1.191234060471e-02       1.376298538321e+06 
       1.204057012930e-02       1.380477279943e+06 
       1.216883662147e-02       1.384511526871e+06 
       1.229713986770e-02       1.388405786913e+06 
       1.242547968574e-02       1.392157463955e+06 
       1.255385592360e-02       1.395772889761e+06 
       1.268226845859e-02       1.399249706295e+06 
       1.281071719650e-02       1.402593441742e+06 
       1.293920207075e-02       1.405799722842e+06 
       1.306772304166e-02       1.408875669610e+06 
       1.319628009576e-02       1.411822079351e+06 
       1.332487324514e-02       1.414634733419e+06 
       1.345350252690e-02       1.417324658428e+06 
       1.358216800256e-02       1.419889386901e+06 
       1.371086975761e-02       1.422324998796e+06 
       1.383960790101e-02       1.424636730045e+06 
       1.396838256483e-02       1.426826968354e+06 
       1.409719390384e-02       1.428899772438e+06 
       1.422604209517e-02       1.430855612695e+06 
       1.435492733802e-02       1.432696178146e+06 
       1.448384985339e-02       1.434411220084e+06 
       1.461280988382e-02       1.436019161364e+06 
       1.474180769318e-02       1.437514879206e+06 
       1.487084356650e-02       1.438898457148e+06 
       1.499991780983e-02       1.440169557881e+06 
       1.512903075006e-02       1.441334269310e+06 
       1.525818273484e-02       1.442397302830e+06 
       1.538737413253e-02       1.443345010466e+06 
       1.551660533208e-02       1.444191096448e+06 
       1.564587674306e-02       1.444936432791e+06 
       1.577518879559e-02       1.445577140614e+06 
       1.590454194039e-02       1.446124431048e+06 
       1.603393664878e-02       1.446567491641e+06 
       1.616337341274e-02       1.446871331474e+06 
       1.629285274500e-02       1.447164729802e+06 
       1.642237517907e-02       1.447317083103e+06 
       1.655194126939e-02       1.447377406642e+06 
       1.668155159146e-02       1.447347126825e+06 
       1.681120674194e-02       1.447225838709e+06 
       1.694090733885e-02       1.447019145674e+06 
       1.707065402172e-02       1.446714683756e+06 
       1.720044745181e-02       1.446325121565e+06 
       1.733028831227e-02       1.445849497065e+06 
       1.746017730845e-02       1.445291541792e+06 
       1.759011516805e-02       1.444649137100e+06 
       1.772010264146e-02       1.443863503272e+06 
       1.785014050199e-02       1.443118042298e+06 
       1.798022954618e-02       1.442181741765e+06 
       1.811037059412e-02       1.441266909256e+06 
       1.824056448975e-02       1.440175324728e+06 
       1.837081210124e-02       1.439053854952e+06 
       1.850111432132e-02       1.437899101882e+06 
       1.863147206769e-02       1.436595832296e+06 
       1.876188628337e-02       1.435286375278e+06 
       1.889235793715e-02       1.433834728346e+06 
       1.902288802400e-02       1.432380285111e+06 
       1.915347756555e-02       1.430790075775e+06 
       1.928412761048e-02       1.429150203836e+06 
       1.941483923509e-02       1.427445213739e+06 
       1.954561354375e-02       1.425754984646e+06 
       1.967645166942e-02       1.423925737208e+06 
       1.980735477421e-02       1.422026912655e+06 
       1.993832404991e-02       1.420045444666e+06 
       2.006936071861e-02       1.418032258784e+06 
       2.020046603324e-02       1.415942618476e+06 
       2.033164127822e-02       1.413859264703e+06 
       2.046288777012e-02       1.411662898201e+06 
       2.059420685826e-02       1.409408539918e+06 
       2.072559992545e-02       1.407038357821e+06 
       2.085706838865e-02       1.404665639929e+06 
       2.098861369972e-02       1.402301997713e+06 
       2.112023734617e-02       1.399783375541e+06 
       2.125194085192e-02       1.397241889623e+06 
       2.138372577811e-02       1.394661278451e+06 
       2.151559372392e-02       1.392027784471e+06 
       2.164754632740e-02       1.389345956336e+06 
       2.177958526640e-02       1.386620676206e+06 
       2.191171225941e-02       1.383838404479e+06 
       2.204392906655e-02       1.381006438109e+06 
       2.217623749047e-02       1.378123990911e+06 
       2.230863937740e-02       1.375209027444e+06 
       2.244113661815e-02       1.372242673833e+06 
       2.257373114915e-02       1.369225545814e+06 
       2.270642495357e-02       1.366176774988e+06 
       2.283922006239e-02       1.363108411821e+06 
       2.297211855563e-02       1.359948220379e+06 
       2.310512256347e-02       1.356811250377e+06 
       2.323823426753e-02       1.353552996705e+06 
       2.337145590214e-02       1.350303917713e+06 
       2.350478975560e-02       1.346998172698e+06 
       2.363823817159e-02       1.343681243238e+06 
       2.377180355052e-02       1.340312566608e+06 
       2.390548835100e-02       1.336905403259e+06 
       2.403929509132e-02       1.333472882275e+06 
       2.417322635095e-02       1.329995462671e+06 
       2.430728477217e-02       1.326536189880e+06 
       2.444147306165e-02       1.322965130921e+06 
       2.457579399219e-02       1.319389080363e+06 
       2.471025040442e-02       1.315824159453e+06 
       2.484484520861e-02       1.312182238085e+06 
       2.497958138653e-02       1.308519086050e+06 
       2.511446199337e-02       1.304817739329e+06 
       2.524949015970e-02       1.301110026886e+06 
       2.538466909356e-02       1.297399339297e+06 
       2.552000208254e-02       1.293603364531e+06 
       2.565549249596e-02       1.289813441892e+06 
       2.579114378719e-02       1.285996107890e+06 
       2.592695949593e-02       1.282157121579e+06 
       2.606294325065e-02       1.278278364431e+06 
       2.619909877110e-02       1.274426711177e+06 
       2.633542987090e-02       1.270486266927e+06 
       2.647194046021e-02       1.266549952536e+06 
       2.660863454854e-02       1.262621551651e+06 
       2.674551624756e-02       1.258624347375e+06 
       2.688258977414e-02       1.254653537943e+06 
       2.701985945341e-02       1.250617872288e+06 
       2.715732972196e-02       1.246605712682e+06 
       2.729500513111e-02       1.242557739402e+06 
       2.743289035043e-02       1.238479335616e+06 
       2.757099017121e-02       1.234391110911e+06 
       2.770930951021e-02       1.230292270608e+06 
       2.784785341348e-02       1.226190275999e+06 
       2.798662706029e-02       1.222051961120e+06 
       2.812563576733e-02       1.217903932458e+06 
       2.826488499293e-02       1.213749136275e+06 
       2.840438034155e-02       1.209577441064e+06 
       2.854412756837e-02       1.205392466871e+06 
       2.868413258412e-02       1.201200138920e+06 
       2.882440146005e-02       1.196988744841e+06 
       2.896494043314e-02       1.192788203183e+06 
       2.910575591146e-02       1.188568341262e+06 
       2.924685447984e-02       1.184301158619e+06 
       2.938824290569e-02       1.180072524017e+06 
       2.952992814506e-02       1.175792981812e+06 
       2.967191734903e-02       1.171547546811e+06 
       2.981421787025e-02       1.167244677965e+06 
       2.995683726987e-02       1.162959891355e+06 
       3.009978332469e-02       1.158661718352e+06 
       3.024306403464e-02       1.154368468489e+06 
       3.038668763056e-02       1.150074600594e+06 
       3.053066258240e-02       1.145743984182e+06 
       3.067499760764e-02       1.141426381108e+06 
       3.081970168023e-02       1.137101307308e+06 
       3.096478403981e-02       1.132770730780e+06 
       3.111025420145e-02       1.128434500288e+06 
       3.125612196574e-02       1.124094938082e+06 
       3.140239742941e-02       1.119765352513e+06 
       3.154909099640e-02       1.115414173594e+06 
       3.169621338949e-02       1.111053304642e+06 
       3.184377566244e-02       1.106699617695e+06 
       3.199178921272e-02       1.102348463652e+06 
       3.214026579485e-02       1.097981608640e+06 
       3.228921753445e-02       1.093620529934e+06 
       3.243865694286e-02       1.089259067214e+06 
       3.258859693257e-02       1.084899439048e+06 
       3.273905083344e-02       1.080528424935e+06 
       3.289003240964e-02       1.076151221874e+06 
       3.304155587758e-02       1.071784095608e+06 
       3.319363592466e-02       1.067426091774e+06 
       3.334628772906e-02       1.063051216128e+06 
       3.349952698058e-02       1.058677640751e+06 
       3.365336990249e-02       1.054296642939e+06 
       3.380783327471e-02       1.049924666812e+06 
       3.396293445813e-02       1.045566661745e+06 
       3.411869142031e-02       1.041199810906e+06 
       3.427512276259e-02       1.036823499035e+06 
       3.443224774876e-02       1.032445777499e+06 
       3.459008633536e-02       1.028096912476e+06 
       3.474865920362e-02       1.023712345547e+06 
       3.490798779340e-02       1.019350746454e+06 
       3.506809433905e-02       1.014993852692e+06 
       3.522900190736e-02       1.010633801819e+06 
       3.539073443791e-02       1.006268413850e+06 
       3.555331678574e-02       1.001910487734e+06 
       3.571677476678e-02       9.975544341934e+05 
       3.588113520600e-02       9.931981449229e+05 
       3.604642598866e-02       9.888443202129e+05 
       3.621267611484e-02       9.845019327290e+05 
       3.637991575745e-02       9.801552462117e+05 
       3.654817632410e-02       9.758030647695e+05 
       3.671749052301e-02       9.714778752143e+05 
       3.688789243340e-02       9.671274303450e+05 
       3.705941758069e-02       9.627791877467e+05 
       3.723210301680e-02       9.584444758807e+05 
       3.740598740618e-02       9.541046468132e+05 
       3.758111111783e-02       9.497753923808e+05 
       3.775751632403e-02       9.454472413957e+05 
       3.793524710623e-02       9.411214486599e+05 
       3.811434956870e-02       9.367851817505e+05 
       3.829487196082e-02       9.324640052307e+05 
       3.847686480858e-02       9.281395296604e+05 
       3.866038105627e-02       9.238146398228e+05 
       3.884547621928e-02       9.194862909951e+05 
       3.903220854898e-02       9.151751232634e+05 
       3.922063921103e-02       9.108504767920e+05 
       3.941083247821e-02       9.065334701493e+05 
       3.960285593935e-02       9.022084257134e+05 
       3.979678072600e-02       8.978954927880e+05 
       3.999268175844e-02       8.935870009166e+05 
       4.019063801341e-02       8.892608538291e+05 
       4.039073281548e-02       8.849394068267e+05 
       4.059305415483e-02       8.806285254909e+05 
       4.079769503422e-02       8.762886500185e+05 
       4.100475384851e-02       8.719788454805e+05 
       4.121433480028e-02       8.676580406254e+05 
       4.142654835573e-02       8.633222960038e+05 
       4.164151174566e-02       8.589858678243e+05 
       4.185934951690e-02       8.546591226886e+05 
       4.208019414017e-02       8.503211806380e+05 
       4.230418668160e-02       8.459724600199e+05 
       4.253147754575e-02       8.416225845358e+05 
       4.276222729946e-02       8.372762525062e+05 
       4.299660758703e-02       8.329070800485e+05 
       4.323480214917e-02       8.285411398962e+05 
       4.347700795965e-02       8.241590668572e+05 
       4.372343649631e-02       8.197755978156e+05 
       4.397431516545e-02       8.153789536454e+05 
       4.422988890203e-02       8.109871977262e+05 
       4.449042197184e-02       8.065507876302e+05 
       4.475620000645e-02       8.021281963655e+05 
       4.502753230701e-02       7.976739317243e+05 
       4.530475446011e-02       7.932116657793e+05 
       4.558823131619e-02       7.887367895735e+05 
       4.587836039146e-02       7.842466783460e+05 
       4.617557576556e-02       7.797217368990e+05 
       4.648035256198e-02       7.751934477429e+05 
       4.679321211609e-02       7.706238330849e+05 
       4.711472795746e-02       7.660292359653e+05 
       4.744553276042e-02       7.613908825562e+05 
       4.778632645086e-02       7.567607863481e+05 
       4.813788569931e-02       7.520743184417e+05 
       4.850107508359e-02       7.473390458085e+05 
       4.887686027110e-02       7.425516025292e+05 
       4.926632365536e-02       7.377355191702e+05 
       4.967068298830e-02       7.328762875930e+05 
       5.009131368619e-02       7.279505966843e+05 
       5.052977566070e-02       7.229650829112e+05 
       5.098784574743e-02       7.179065387851e+05 
       5.146755708620e-02       7.127855743918e+05 
       5.197124716478e-02       7.075885232837e+05 
       5.250161668691e-02       7.022768023851e+05 
       5.306180198290e-02       6.968637933599e+05 
       5.365546435363e-02       6.913256293170e+05 
       5.428690051164e-02       6.856239105428e+05 
       5.496117909081e-02       6.797643661053e+05 
       5.568430885770e-02       6.737072630015e+05 
       5.646344436477e-02       6.674227870746e+05 
       5.730713347390e-02       6.608309847270e+05 
       5.822560673139e-02       6.539160494062e+05 
       5.923109774848e-02       6.465811120428e+05 
       6.033816081082e-02       6.386572239757e+05 
       6.156390783279e-02       6.301134591383e+05 
       6.292801003928e-02       6.206622902117e+05 
       6.445219445207e-02       6.100548562418e+05 
       6.615883637982e-02       5.979914994468e+05 
       6.806821557084e-02       5.840883698123e+05 
       7.019430838900e-02       5.678625584415e+05 
       7.253989843048e-02       5.490054271914e+05 
       7.509309108111e-02       5.273237004796e+05 
       7.782776303244e-02       5.029742609152e+05 
       8.070867154377e-02       4.765170550753e+05 
       8.369885060020e-02       4.488665907078e+05 
       8.676568653005e-02       4.210827494672e+05 
       8.988377060720e-02       3.942443098864e+05 
       9.303496433100e-02       3.692657891765e+05 
       9.620706340812e-02       3.468111646138e+05 
       9.939216827806e-02       3.272652574861e+05 
       1.025852903840e-01       3.107351435801e+05 
       1.057833276782e-01       2.970846257460e+05 
       1.089843694334e-01       2.859923468595e+05 
       1.121872454769e-01       2.769793033183e+05 
       1.153912416022e-01       2.695249571269e+05 
       1.185959227259e-01       2.630484716274e+05 
       1.218010240399e-01       2.569950091096e+05 
       1.250063843977e-01       2.508963130624e+05 
       1.282119056876e-01       2.443638531223e+05 
       1.314175281063e-01       2.371523998592e+05 
       1.346232151291e-01       2.291977062817e+05 
       1.378289443781e-01       2.205429521565e+05 
       1.410347020787e-01       2.113398860818e+05 
       1.442404796919e-01       2.018448457496e+05 
       1.474462718706e-01       1.923378553656e+05 
       1.506520752176e-01       1.831201530916e+05 
       1.538578875307e-01       1.744421779925e+05 
       1.570637073438e-01       1.665008760924e+05 
       1.602695336474e-01       1.594326226375e+05 
       1.634753657181e-01       1.532816399072e+05 
       1.666812030144e-01       1.480411390455e+05 
       1.698870451127e-01       1.436330790349e+05 
       1.730928916674e-01       1.399349293599e+05 
       1.762987423870e-01       1.367926904858e+05 
       1.795045970182e-01       1.340211380218e+05 
       1.827104553362e-01       1.314688807953e+05 
       1.859163171382e-01       1.289897918029e+05 
       1.891221822392e-01       1.264163564503e+05 
       1.923280504690e-01       1.236595432693e+05 
       1.955339216701e-01       1.206462231453e+05 
       1.987397956962e-01       1.173721084066e+05 
       2.019456724107e-01       1.138708384535e+05 
       2.051515516863e-01       1.102068338774e+05 
       2.083574334033e-01       1.064766303735e+05 
       2.115633174499e-01       1.027690550861e+05 
       2.147692037208e-01       9.917637245402e+04 
       2.179750921171e-01       9.576862587264e+04 
       2.211809825456e-01       9.259503133592e+04 
       2.243868749185e-01       8.970566825047e+04 
       2.275927691533e-01       8.710332716796e+04 
       2.307986651716e-01       8.479901092803e+04 
       2.340045628998e-01       8.276201338512e+04 
       2.372104622679e-01       8.096493889777e+04 
       2.404163632100e-01       7.936131651054e+04 
       2.436222656636e-01       7.788643304336e+04 
       2.468281695693e-01       7.649051079300e+04 
       2.500340748709e-01       7.512402995946e+04 
       2.532399815151e-01       7.374117488818e+04 
       2.564458894512e-01       7.231346780702e+04 
       2.596517986312e-01       7.082599526664e+04 
       2.628577090091e-01       6.926942206772e+04 
       2.660636205414e-01       6.765374282175e+04 
       2.692695331867e-01       6.599257902222e+04 
       2.724754469054e-01       6.431002268693e+04 
       2.756813616599e-01       6.262962305185e+04 
       2.788872774142e-01       6.097908801446e+04 
       2.820931941341e-01       5.939201724779e+04 
       2.852991117868e-01       5.788708528468e+04 
       2.885050303411e-01       5.647741935250e+04 
       2.917109497671e-01       5.517404293447e+04 
       2.949168700361e-01       5.397453326104e+04 
       2.981227911209e-01       5.287251757278e+04 
       3.013287129953e-01       5.185536845975e+04 
       3.045346356342e-01       5.090765602610e+04 
       3.077405590136e-01       5.001521854995e+04 
       3.109464831105e-01       4.916212300264e+04 
       3.141524079028e-01       4.832745281253e+04 
       3.173583333693e-01       4.750347642277e+04 
       3.205642594896e-01       4.667864541808e+04 
       3.237701862444e-01       4.583893012945e+04 
       3.269761136147e-01       4.498851105553e+04 
       3.301820415827e-01       4.412182820579e+04 
       3.333879701309e-01       4.324828956564e+04 
       3.365938992428e-01       4.237344246011e+04 
       3.397998289022e-01       4.150781176678e+04 
       3.430057590938e-01       4.065337102420e+04 
       3.462116898027e-01       3.982369167125e+04 
       3.494176210146e-01       3.902136346580e+04 
       3.526235527158e-01       3.825306656013e+04 
       3.558294848929e-01       3.752110247613e+04 
       3.590354175331e-01       3.682640019228e+04 
       3.622413506241e-01       3.616919827873e+04 
       3.654472841540e-01       3.554693210571e+04 
       3.686532181113e-01       3.495625895499e+04 
       3.718591524848e-01       3.438933677299e+04 
       3.750650872639e-01       3.384268616211e+04 
       3.782710224381e-01       3.330670218438e+04 
       3.814769579976e-01       3.278225844468e+04 
       3.846828939326e-01       3.226116830180e+04 
       3.878888302338e-01       3.174520796865e+04 
       3.910947668921e-01       3.123136656231e+04 
       3.943007038987e-01       3.071991193470e+04 
       3.975066412453e-01       3.020990124437e+04 
       4.007125789236e-01       2.970278990202e+04 
       4.039185169258e-01       2.920126849955e+04 
       4.071244552440e-01       2.870718111199e+04 
       4.103303938709e-01       2.822312739389e+04 
       4.135363327993e-01       2.775254392920e+04 
       4.167422720222e-01       2.729408923495e+04 
       4.199482115328e-01       2.684989704412e+04 
       4.231541513246e-01       2.642094828969e+04 
       4.263600913911e-01       2.600631853998e+04 
       4.295660317263e-01       2.560541786155e+04 
       4.327719723241e-01       2.521796513015e+04 
       4.359779131787e-01       2.484251662532e+04 
       4.391838542845e-01       2.447805926967e+04 
       4.423897956359e-01       2.412308796904e+04 
       4.455957372277e-01       2.377525367413e+04 
       4.488016790547e-01       2.343482209875e+04 
       4.520076211119e-01       2.309934401191e+04 
       4.552135633943e-01       2.276796447564e+04 
       4.584195058973e-01       2.244019252666e+04 
       4.616254486163e-01       2.211606027360e+04 
       4.648313915467e-01       2.179569566725e+04 
       4.680373346842e-01       2.147977492802e+04 
       4.712432780245e-01       2.116817778194e+04 
       4.744492215636e-01       2.086140941088e+04 
       4.776551652974e-01       2.056084459820e+04 
       4.808611092219e-01       2.026511811932e+04 
       4.840670533335e-01       1.997609322936e+04 
       4.872729976284e-01       1.969409285513e+04 
       4.904789421030e-01       1.941948600443e+04 
       4.936848867537e-01       1.915238608654e+04 
       4.968908315772e-01       1.889242438450e+04 
       5.000967765701e-01       1.863887968904e+04 
       5.033027217293e-01       1.839106021399e+04 
       5.065086670514e-01       1.814843753833e+04 
       5.097146125334e-01       1.791061880165e+04 
       5.129205581724e-01       1.767659264252e+04 
       5.161265039653e-01       1.744725631354e+04 
       5.193324499094e-01       1.722160764895e+04 
       5.225383960018e-01       1.700006199176e+04 
       5.257443422398e-01       1.678042675452e+04 
       5.289502886208e-01       1.656374264589e+04 
       5.321562351421e-01       1.634991637205e+04 
       5.353621818013e-01       1.613929050448e+04 
       5.385681285959e-01       1.593188352021e+04 
       5.417740755234e-01       1.572753665424e+04 
       5.449800225815e-01       1.552824706781e+04 
       5.481859697679e-01       1.533218307505e+04 
       5.513919170804e-01       1.513990004931e+04 
       5.545978645167e-01       1.495106505426e+04 
       5.578038120748e-01       1.476586261879e+04 
       5.610097597525e-01       1.458426959125e+04 
       5.642157075478e-01       1.440629251755e+04 
       5.674216554586e-01       1.423176627892e+04 
       5.706276034831e-01       1.406069996486e+04 
       5.738335516194e-01       1.389273071210e+04 
       5.770394998655e-01       1.372759405754e+04 
       5.802454482196e-01       1.356505113018e+04 
       5.834513966800e-01       1.340496504730e+04 
       5.866573452449e-01       1.324730830060e+04 
       5.898632939126e-01       1.309210204151e+04 
       5.930692426814e-01       1.293885314091e+04 
       5.962751915496e-01       1.278844190122e+04 
       5.994811405158e-01       1.264072703804e+04 
       6.026870895783e-01       1.249467285278e+04 
       6.058930387356e-01       1.235067835254e+04 
       6.090989879861e-01       1.220877901864e+04 
       6.123049373285e-01       1.206910216959e+04 
       6.155108867612e-01       1.193174155031e+04 
       6.187168362830e-01       1.179676869522e+04 
       6.219227858923e-01       1.166415000902e+04 
       6.251287355878e-01       1.153377930299e+04 
       6.283346853683e-01       1.140552213984e+04 
       6.315406352324e-01       1.127927865666e+04 
       6.347465851788e-01       1.115498195341e+04 
       6.379525352063e-01       1.103269577063e+04 
       6.411584853137e-01       1.091239166677e+04 
       6.443644354999e-01       1.079405431357e+04 
       6.475703857635e-01       1.067757406151e+04 
       6.507763361035e-01       1.056282652992e+04 
       6.539822865187e-01       1.044968299011e+04 
       6.571882370081e-01       1.033805657596e+04 
       6.603941875705e-01       1.022794214725e+04 
       6.636001382049e-01       1.011938729319e+04 
       6.668060889103e-01       1.001243595082e+04 
       6.700120396856e-01       9.907102566001e+03 
       6.732179905299e-01       9.803387353089e+03 
       6.764239414421e-01       9.701145193659e+03 
       6.796298924213e-01       9.600313008099e+03 
       6.828358434665e-01       9.500868491698e+03 
       6.860417945768e-01       9.402814854780e+03 
       6.892477457514e-01       9.306197484374e+03 
       6.924536969892e-01       9.211063820648e+03 
       6.956596482895e-01       9.117398258664e+03 
       6.988655996513e-01       9.025162778097e+03 
       7.020715510739e-01       8.934267781783e+03 
       7.052775025564e-01       8.844616979307e+03 
       7.084834540979e-01       8.756154776249e+03 
       7.116894056977e-01       8.668882854342e+03 
       7.148953573551e-01       8.582818714673e+03 
       7.181013090691e-01       8.497994750044e+03 
       7.213072608391e-01       8.414396219170e+03 
       7.245132126643e-01       8.331971703854e+03 
       7.277191645440e-01       8.250648129228e+03 
       7.309251164775e-01       8.170359602082e+03 
       7.341310684640e-01       8.091081697486e+03 
       7.373370205029e-01       8.012798962560e+03 
       7.405429725935e-01       7.935601403455e+03 
       7.437489247351e-01       7.859460410221e+03 
       7.469548769271e-01       7.784401540839e+03 
       7.501608291688e-01       7.710390595042e+03 
       7.533667814595e-01       7.637360217451e+03 
       8.234874627028e-01       6.254415878825e+03 
       9.251239713268e-01       4.802917016678e+03 
       1.086877479463e+00       3.315689809211e+03 
