# Matter power spectrum P(k) at redshift z=0
# for k=1.04206e-05 to 1.08688 h/Mpc,
# number of wavenumbers equal to 603
#    1:k (h/Mpc)              2:P (Mpc/h)^3        
       1.042057218184e-05       1.236958096357e+02 
       2.326967407118e-05       2.480356358493e+02 
       3.616373025385e-05       3.633619966303e+02 
       4.913726151694e-05       4.738395947741e+02 
       6.222535674519e-05       5.813457117371e+02 
       7.546398425925e-05       6.870141008050e+02 
       8.889031306114e-05       7.916451412899e+02 
       1.025430482400e-04       8.958640929957e+02 
       1.164627848241e-04       1.000196093601e+03 
       1.306923843984e-04       1.105106853500e+03 
       1.452773788140e-04       1.211027071612e+03 
       1.602664052592e-04       1.318368505931e+03 
       1.757116767896e-04       1.427535330385e+03 
       1.916694920592e-04       1.538932462422e+03 
       2.082007873531e-04       1.652972840552e+03 
       2.253717329846e-04       1.770082756940e+03 
       2.432543744979e-04       1.890707064773e+03 
       2.619273167265e-04       2.015313721038e+03 
       2.814764453069e-04       2.144397914521e+03 
       3.019956754356e-04       2.278485370370e+03 
       3.235877111086e-04       2.418136257572e+03 
       3.463647893982e-04       2.563947148622e+03 
       3.704493731400e-04       2.716553016392e+03 
       3.959747414598e-04       2.876628143190e+03 
       4.230854108700e-04       3.044884808067e+03 
       4.519373007024e-04       3.222070921285e+03 
       4.826975366868e-04       3.408964714196e+03 
       5.155437679602e-04       3.606366047091e+03 
       5.506628596178e-04       3.815084901356e+03 
       5.882488207355e-04       4.035924288087e+03 
       6.284998437510e-04       4.269660669610e+03 
       6.716143729589e-04       4.517017182120e+03 
       7.177861941321e-04       4.778635483357e+03 
       7.671986460617e-04       5.055043117781e+03 
       8.200181922824e-04       5.346620542596e+03 
       8.763877404929e-04       5.653568320723e+03 
       9.364202297721e-04       5.975882198737e+03 
       1.000193085873e-03       6.313332161067e+03 
       1.067744139097e-03       6.665454091126e+03 
       1.139069488995e-03       7.031554369876e+03 
       1.214123592691e-03       7.410725234106e+03 
       1.292821585146e-03       7.801875784545e+03 
       1.375043566260e-03       8.203735972929e+03 
       1.460640369998e-03       8.614960517731e+03 
       1.549440206739e-03       9.034177173026e+03 
       1.641255555047e-03       9.459968224886e+03 
       1.735889757970e-03       9.890933594747e+03 
       1.833142917693e-03       1.032572462091e+04 
       1.932816842085e-03       1.076306583194e+04 
       2.034718945141e-03       1.120177091286e+04 
       2.138665120595e-03       1.164075236853e+04 
       2.244481687023e-03       1.207902630015e+04 
       2.352006545691e-03       1.251571347541e+04 
       2.461089706729e-03       1.295003392030e+04 
       2.571593333874e-03       1.338130340715e+04 
       2.683391441209e-03       1.380892395102e+04 
       2.796369353385e-03       1.423238059545e+04 
       2.910423018044e-03       1.465122974502e+04 
       3.025458238157e-03       1.506509524756e+04 
       3.141389873900e-03       1.547365684662e+04 
       3.258141048979e-03       1.587664873783e+04 
       3.375642384775e-03       1.627384832417e+04 
       3.493831276973e-03       1.666507488809e+04 
       3.612651222911e-03       1.705018061548e+04 
       3.732051203381e-03       1.742905150893e+04 
       3.851985119443e-03       1.780159740208e+04 
       3.972411282778e-03       1.816775541142e+04 
       4.093291956816e-03       1.852747751963e+04 
       4.214592945137e-03       1.888074105484e+04 
       4.336283223305e-03       1.922753058594e+04 
       4.458334610212e-03       1.956785327916e+04 
       4.580721475085e-03       1.990171945429e+04 
       4.703420476514e-03       2.022914458546e+04 
       4.826410330102e-03       2.055010964756e+04 
       4.949671601620e-03       2.086478672304e+04 
       5.073186522822e-03       2.117311336463e+04 
       5.196938827396e-03       2.147516865666e+04 
       5.320913604738e-03       2.177105678517e+04 
       5.445097169534e-03       2.206084504080e+04 
       5.569476945340e-03       2.234450971515e+04 
       5.694041360547e-03       2.262114221552e+04 
       5.818779755339e-03       2.289281218949e+04 
       5.943682298366e-03       2.315858359497e+04 
       6.068739912061e-03       2.341846001387e+04 
       6.193944205599e-03       2.367269346682e+04 
       6.319287414666e-03       2.392144647379e+04 
       6.444762347267e-03       2.416483617515e+04 
       6.570362334913e-03       2.440200839547e+04 
       6.696081188603e-03       2.463383843136e+04 
       6.821913159065e-03       2.486021774997e+04 
       6.947852900830e-03       2.508139044578e+04 
       7.073895439691e-03       2.529732341172e+04 
       7.200036143231e-03       2.550802251664e+04 
       7.326270694071e-03       2.571361845682e+04 
       7.452595065570e-03       2.591397500280e+04 
       7.579005499726e-03       2.610961692510e+04 
       7.705498487058e-03       2.630100375707e+04 
       7.832070748261e-03       2.648686203507e+04 
       7.958719217469e-03       2.666792335053e+04 
       8.085441026969e-03       2.684428204787e+04 
       8.212233493217e-03       2.701607562716e+04 
       8.339094104040e-03       2.718327444625e+04 
       8.466020506906e-03       2.734595684317e+04 
       8.593010498167e-03       2.750420153166e+04 
       8.720062013184e-03       2.765807472496e+04 
       8.847173117248e-03       2.780763294348e+04 
       8.974341997231e-03       2.795287962347e+04 
       9.101566953904e-03       2.809397630496e+04 
       9.228846394849e-03       2.823094102571e+04 
       9.356178827935e-03       2.836381736582e+04 
       9.483562855287e-03       2.849269555921e+04 
       9.610997167722e-03       2.861761880946e+04 
       9.738480539603e-03       2.873867868193e+04 
       9.866011824080e-03       2.885575661445e+04 
       9.993589948689e-03       2.896920227955e+04 
       1.012121391127e-02       2.907872667995e+04 
       1.024888277620e-02       2.918463247646e+04 
       1.037659567085e-02       2.928700897877e+04 
       1.050435178240e-02       2.938568772823e+04 
       1.063215035476e-02       2.948076245777e+04 
       1.075999068579e-02       2.957251608896e+04 
       1.088787212472e-02       2.966062017606e+04 
       1.101579406970e-02       2.974550089039e+04 
       1.114375596555e-02       2.982700142490e+04 
       1.127175730171e-02       2.990521508273e+04 
       1.139979761025e-02       2.998016911720e+04 
       1.152787646409e-02       3.005191153461e+04 
       1.165599347531e-02       3.012050853087e+04 
       1.178414829358e-02       3.018599998676e+04 
       1.191234060471e-02       3.024841597321e+04 
       1.204057012930e-02       3.030778910621e+04 
       1.216883662147e-02       3.036416678090e+04 
       1.229713986770e-02       3.041765307312e+04 
       1.242547968574e-02       3.046819610310e+04 
       1.255385592360e-02       3.051593935209e+04 
       1.268226845859e-02       3.056083587909e+04 
       1.281071719650e-02       3.060301096357e+04 
       1.293920207075e-02       3.064237352297e+04 
       1.306772304166e-02       3.067908307522e+04 
       1.319628009576e-02       3.071316093145e+04 
       1.332487324514e-02       3.074451927952e+04 
       1.345350252690e-02       3.077340162763e+04 
       1.358216800256e-02       3.079975781727e+04 
       1.371086975761e-02       3.082350638119e+04 
       1.383960790101e-02       3.084476437089e+04 
       1.396838256483e-02       3.086358676967e+04 
       1.409719390384e-02       3.088006445179e+04 
       1.422604209517e-02       3.089421046695e+04 
       1.435492733802e-02       3.090606409264e+04 
       1.448384985339e-02       3.091540716309e+04 
       1.461280988382e-02       3.092263967597e+04 
       1.474180769318e-02       3.092765362660e+04 
       1.487084356650e-02       3.093045329705e+04 
       1.499991780983e-02       3.093103390720e+04 
       1.512903075006e-02       3.092952856296e+04 
       1.525818273484e-02       3.092604039543e+04 
       1.538737413253e-02       3.092027887733e+04 
       1.551660533208e-02       3.091253991916e+04 
       1.564587674306e-02       3.090284399574e+04 
       1.577518879559e-02       3.089110998963e+04 
       1.590454194039e-02       3.087757924883e+04 
       1.603393664878e-02       3.086202246998e+04 
       1.616337341274e-02       3.084369566624e+04 
       1.629285274500e-02       3.082534560858e+04 
       1.642237517907e-02       3.080418973115e+04 
       1.655194126939e-02       3.078127421178e+04 
       1.668155159146e-02       3.075663065637e+04 
       1.681120674194e-02       3.073025168983e+04 
       1.694090733885e-02       3.070225744603e+04 
       1.707065402172e-02       3.067238676295e+04 
       1.720044745181e-02       3.064090960038e+04 
       1.733028831227e-02       3.060780655212e+04 
       1.746017730845e-02       3.057315756235e+04 
       1.759011516805e-02       3.053691868290e+04 
       1.772010264146e-02       3.049784928497e+04 
       1.785014050199e-02       3.045982409042e+04 
       1.798022954618e-02       3.041796586692e+04 
       1.811037059412e-02       3.037675512311e+04 
       1.824056448975e-02       3.033201322076e+04 
       1.837081210124e-02       3.028683629161e+04 
       1.850111432132e-02       3.024115137982e+04 
       1.863147206769e-02       3.019253535862e+04 
       1.876188628337e-02       3.014398123077e+04 
       1.889235793715e-02       3.009263218713e+04 
       1.902288802400e-02       3.004141522879e+04 
       1.915347756555e-02       2.998754093310e+04 
       1.928412761048e-02       2.993281588012e+04 
       1.941483923509e-02       2.987691608192e+04 
       1.954561354375e-02       2.982151248829e+04 
       1.967645166942e-02       2.976338759146e+04 
       1.980735477421e-02       2.970399520287e+04 
       1.993832404991e-02       2.964306295663e+04 
       2.006936071861e-02       2.958165414643e+04 
       2.020046603324e-02       2.951883498632e+04 
       2.033164127822e-02       2.945632999593e+04 
       2.046288777012e-02       2.939165266558e+04 
       2.059420685826e-02       2.932595001306e+04 
       2.072559992545e-02       2.925801945766e+04 
       2.085706838865e-02       2.919021749931e+04 
       2.098861369972e-02       2.912278309883e+04 
       2.112023734617e-02       2.905230870608e+04 
       2.125194085192e-02       2.898153846278e+04 
       2.138372577811e-02       2.891013395664e+04 
       2.151559372392e-02       2.883780950311e+04 
       2.164754632740e-02       2.876465913944e+04 
       2.177958526640e-02       2.869078358570e+04 
       2.191171225941e-02       2.861590239338e+04 
       2.204392906655e-02       2.854016641493e+04 
       2.217623749047e-02       2.846355920236e+04 
       2.230863937740e-02       2.838645140214e+04 
       2.244113661815e-02       2.830845284089e+04 
       2.257373114915e-02       2.822957610129e+04 
       2.270642495357e-02       2.815021526724e+04 
       2.283922006239e-02       2.807061769051e+04 
       2.297211855563e-02       2.798929545335e+04 
       2.310512256347e-02       2.790861642060e+04 
       2.323823426753e-02       2.782560722630e+04 
       2.337145590214e-02       2.774295065159e+04 
       2.350478975560e-02       2.765929255189e+04 
       2.363823817159e-02       2.757556647473e+04 
       2.377180355052e-02       2.749093902895e+04 
       2.390548835100e-02       2.740568205094e+04 
       2.403929509132e-02       2.732006408573e+04 
       2.417322635095e-02       2.723368412274e+04 
       2.430728477217e-02       2.714783219981e+04 
       2.444147306165e-02       2.705984835408e+04 
       2.457579399219e-02       2.697191783519e+04 
       2.471025040442e-02       2.688436851541e+04 
       2.484484520861e-02       2.679539870955e+04 
       2.497958138653e-02       2.670614756758e+04 
       2.511446199337e-02       2.661626812787e+04 
       2.524949015970e-02       2.652640895359e+04 
       2.538466909356e-02       2.643663775268e+04 
       2.552000208254e-02       2.634527670214e+04 
       2.565549249596e-02       2.625418622530e+04 
       2.579114378719e-02       2.616268379417e+04 
       2.592695949593e-02       2.607088586791e+04 
       2.606294325065e-02       2.597842340816e+04 
       2.619909877110e-02       2.588665457259e+04 
       2.633542987090e-02       2.579322414481e+04 
       2.647194046021e-02       2.570001895354e+04 
       2.660863454854e-02       2.560711415355e+04 
       2.674551624756e-02       2.551295297365e+04 
       2.688258977414e-02       2.541946486638e+04 
       2.701985945341e-02       2.532479978754e+04 
       2.715732972196e-02       2.523074676014e+04 
       2.729500513111e-02       2.513610368299e+04 
       2.743289035043e-02       2.504097913057e+04 
       2.757099017121e-02       2.494578917552e+04 
       2.770930951021e-02       2.485051672228e+04 
       2.784785341348e-02       2.475531139746e+04 
       2.798662706029e-02       2.465950273188e+04 
       2.812563576733e-02       2.456362713221e+04 
       2.826488499293e-02       2.446774298843e+04 
       2.840438034155e-02       2.437164508187e+04 
       2.854412756837e-02       2.427540554838e+04 
       2.868413258412e-02       2.417914279120e+04 
       2.882440146005e-02       2.408262013337e+04 
       2.896494043314e-02       2.398643854579e+04 
       2.910575591146e-02       2.388999001801e+04 
       2.924685447984e-02       2.379271136578e+04 
       2.938824290569e-02       2.369632703619e+04 
       2.952992814506e-02       2.359903927021e+04 
       2.967191734903e-02       2.350255384246e+04 
       2.981421787025e-02       2.340503305138e+04 
       2.995683726987e-02       2.330799086536e+04 
       3.009978332469e-02       2.321079520853e+04 
       3.024306403464e-02       2.311381191750e+04 
       3.038668763056e-02       2.301692880633e+04 
       3.053066258240e-02       2.291942200002e+04 
       3.067499760764e-02       2.282228637164e+04 
       3.081970168023e-02       2.272511105012e+04 
       3.096478403981e-02       2.262793443890e+04 
       3.111025420145e-02       2.253075255997e+04 
       3.125612196574e-02       2.243361081007e+04 
       3.140239742941e-02       2.233677365250e+04 
       3.154909099640e-02       2.223961025730e+04 
       3.169621338949e-02       2.214235735856e+04 
       3.184377566244e-02       2.204535022851e+04 
       3.199178921272e-02       2.194849501940e+04 
       3.214026579485e-02       2.185142770312e+04 
       3.228921753445e-02       2.175457487076e+04 
       3.243865694286e-02       2.165781280616e+04 
       3.258859693257e-02       2.156118454373e+04 
       3.273905083344e-02       2.146442634594e+04 
       3.289003240964e-02       2.136764065154e+04 
       3.304155587758e-02       2.127114938590e+04 
       3.319363592466e-02       2.117493228065e+04 
       3.334628772906e-02       2.107847260597e+04 
       3.349952698058e-02       2.098212991848e+04 
       3.365336990249e-02       2.088573032493e+04 
       3.380783327471e-02       2.078959857712e+04 
       3.396293445813e-02       2.069383132525e+04 
       3.411869142031e-02       2.059797574208e+04 
       3.427512276259e-02       2.050201883526e+04 
       3.443224774876e-02       2.040611892557e+04 
       3.459008633536e-02       2.031087291001e+04 
       3.474865920362e-02       2.021500410857e+04 
       3.490798779340e-02       2.011967041306e+04 
       3.506809433905e-02       2.002450981652e+04 
       3.522900190736e-02       1.992936605083e+04 
       3.539073443791e-02       1.983419512920e+04 
       3.555331678574e-02       1.973924824435e+04 
       3.571677476678e-02       1.964441400570e+04 
       3.588113520600e-02       1.954964973223e+04 
       3.604642598866e-02       1.945500741458e+04 
       3.621267611484e-02       1.936066228234e+04 
       3.637991575745e-02       1.926630353843e+04 
       3.654817632410e-02       1.917190662051e+04 
       3.671749052301e-02       1.907810846280e+04 
       3.688789243340e-02       1.898388154546e+04 
       3.705941758069e-02       1.888976404149e+04 
       3.723210301680e-02       1.879597679744e+04 
       3.740598740618e-02       1.870215263325e+04 
       3.758111111783e-02       1.860859783320e+04 
       3.775751632403e-02       1.851512530219e+04 
       3.793524710623e-02       1.842175821824e+04 
       3.811434956870e-02       1.832824406649e+04 
       3.829487196082e-02       1.823508165851e+04 
       3.847686480858e-02       1.814190967737e+04 
       3.866038105627e-02       1.804878309062e+04 
       3.884547621928e-02       1.795564092867e+04 
       3.903220854898e-02       1.786288458682e+04 
       3.922063921103e-02       1.776991382225e+04 
       3.941083247821e-02       1.767713916050e+04 
       3.960285593935e-02       1.758425311088e+04 
       3.979678072600e-02       1.749164665530e+04 
       3.999268175844e-02       1.739916826328e+04 
       4.019063801341e-02       1.730638588162e+04 
       4.039073281548e-02       1.721373290546e+04 
       4.059305415483e-02       1.712132119445e+04 
       4.079769503422e-02       1.702837957137e+04 
       4.100475384851e-02       1.693605386899e+04 
       4.121433480028e-02       1.684354358444e+04 
       4.142654835573e-02       1.675077019274e+04 
       4.164151174566e-02       1.665800808069e+04 
       4.185934951690e-02       1.656545555214e+04 
       4.208019414017e-02       1.647270503699e+04 
       4.230418668160e-02       1.637976205352e+04 
       4.253147754575e-02       1.628681009060e+04 
       4.276222729946e-02       1.619393680641e+04 
       4.299660758703e-02       1.610062863580e+04 
       4.323480214917e-02       1.600738639440e+04 
       4.347700795965e-02       1.591383219615e+04 
       4.372343649631e-02       1.582024686476e+04 
       4.397431516545e-02       1.572639889743e+04 
       4.422988890203e-02       1.563263227043e+04 
       4.449042197184e-02       1.553798742149e+04 
       4.475620000645e-02       1.544358634927e+04 
       4.502753230701e-02       1.534854751898e+04 
       4.530475446011e-02       1.525332111003e+04 
       4.558823131619e-02       1.515781221527e+04 
       4.587836039146e-02       1.506196372967e+04 
       4.617557576556e-02       1.496539237420e+04 
       4.648035256198e-02       1.486869490877e+04 
       4.679321211609e-02       1.477113437049e+04 
       4.711472795746e-02       1.467301544411e+04 
       4.744553276042e-02       1.457396887121e+04 
       4.778632645086e-02       1.447497937637e+04 
       4.813788569931e-02       1.437479818238e+04 
       4.850107508359e-02       1.427355770173e+04 
       4.887686027110e-02       1.417117979298e+04 
       4.926632365536e-02       1.406809772191e+04 
       4.967068298830e-02       1.396401656780e+04 
       5.009131368619e-02       1.385847244264e+04 
       5.052977566070e-02       1.375157000504e+04 
       5.098784574743e-02       1.364303335826e+04 
       5.146755708620e-02       1.353303623352e+04 
       5.197124716478e-02       1.342128704262e+04 
       5.250161668691e-02       1.330701828775e+04 
       5.306180198290e-02       1.319044354823e+04 
       5.365546435363e-02       1.307106457669e+04 
       5.428690051164e-02       1.294810309164e+04 
       5.496117909081e-02       1.282160782540e+04 
       5.568430885770e-02       1.269076038863e+04 
       5.646344436477e-02       1.255492121781e+04 
       5.730713347390e-02       1.241249903167e+04 
       5.822560673139e-02       1.226310064862e+04 
       5.923109774848e-02       1.210480322728e+04 
       6.033816081082e-02       1.193433763954e+04 
       6.156390783279e-02       1.175102733825e+04 
       6.292801003928e-02       1.154943285013e+04 
       6.445219445207e-02       1.132491148099e+04 
       6.615883637982e-02       1.107199607183e+04 
       6.806821557084e-02       1.078384955999e+04 
       7.019430838900e-02       1.045208043486e+04 
       7.253989843048e-02       1.007183591253e+04 
       7.509309108111e-02       9.640664984431e+03 
       7.782776303244e-02       9.162669141517e+03 
       8.070867154377e-02       8.649203743751e+03 
       8.369885060020e-02       8.117738010164e+03 
       8.676568653005e-02       7.587913084647e+03 
       8.988377060720e-02       7.079245998557e+03 
       9.303496433100e-02       6.607910512241e+03 
       9.620706340812e-02       6.185318568688e+03 
       9.939216827806e-02       5.817741025503e+03 
       1.025852903840e-01       5.506448263587e+03 
       1.057833276782e-01       5.248414822804e+03 
       1.089843694334e-01       5.037414505300e+03 
       1.121872454769e-01       4.864549964398e+03 
       1.153912416022e-01       4.720319544011e+03 
       1.185959227259e-01       4.594291059362e+03 
       1.218010240399e-01       4.476610342610e+03 
       1.250063843977e-01       4.359039037257e+03 
       1.282119056876e-01       4.234808999118e+03 
       1.314175281063e-01       4.099698252743e+03 
       1.346232151291e-01       3.952646446531e+03 
       1.378289443781e-01       3.794450040451e+03 
       1.410347020787e-01       3.627760174600e+03 
       1.442404796919e-01       3.456994164584e+03 
       1.474462718706e-01       3.286934788850e+03 
       1.506520752176e-01       3.122686094240e+03 
       1.538578875307e-01       2.968446473835e+03 
       1.570637073438e-01       2.827474109993e+03 
       1.602695336474e-01       2.701977892285e+03 
       1.634753657181e-01       2.592594555967e+03 
       1.666812030144e-01       2.499098959555e+03 
       1.698870451127e-01       2.420071195550e+03 
       1.730928916674e-01       2.353357509874e+03 
       1.762987423870e-01       2.296294937969e+03 
       1.795045970182e-01       2.245719149251e+03 
       1.827104553362e-01       2.199056177938e+03 
       1.859163171382e-01       2.153839262016e+03 
       1.891221822392e-01       2.107262896215e+03 
       1.923280504690e-01       2.057846959889e+03 
       1.955339216701e-01       2.004385341977e+03 
       1.987397956962e-01       1.946821440666e+03 
       2.019456724107e-01       1.885726749773e+03 
       2.051515516863e-01       1.822177767699e+03 
       2.083574334033e-01       1.757774246327e+03 
       2.115633174499e-01       1.693979010940e+03 
       2.147692037208e-01       1.632302767176e+03 
       2.179750921171e-01       1.573882358463e+03 
       2.211809825456e-01       1.519506643022e+03 
       2.243868749185e-01       1.469974629078e+03 
       2.275927691533e-01       1.425307586817e+03 
       2.307986651716e-01       1.385661517403e+03 
       2.340045628998e-01       1.350511582379e+03 
       2.372104622679e-01       1.319390360715e+03 
       2.404163632100e-01       1.291523044644e+03 
       2.436222656636e-01       1.265842916131e+03 
       2.468281695693e-01       1.241531626678e+03 
       2.500340748709e-01       1.217779491072e+03 
       2.532399815151e-01       1.193841093665e+03 
       2.564458894512e-01       1.169255207714e+03 
       2.596517986312e-01       1.143781982234e+03 
       2.628577090091e-01       1.117272709364e+03 
       2.660636205414e-01       1.089890775555e+03 
       2.692695331867e-01       1.061857106144e+03 
       2.724754469054e-01       1.033559834725e+03 
       2.756813616599e-01       1.005376560236e+03 
       2.788872774142e-01       9.777498387916e+02 
       2.820931941341e-01       9.512146138237e+02 
       2.852991117868e-01       9.260647194142e+02 
       2.885050303411e-01       9.025041414363e+02 
       2.917109497671e-01       8.807025093307e+02 
       2.949168700361e-01       8.606144470838e+02 
       2.981227911209e-01       8.421320008010e+02 
       3.013287129953e-01       8.250482951409e+02 
       3.045346356342e-01       8.091129087367e+02 
       3.077405590136e-01       7.940967076322e+02 
       3.109464831105e-01       7.797434989143e+02 
       3.141524079028e-01       7.657192486951e+02 
       3.173583333693e-01       7.519000284338e+02 
       3.205642594896e-01       7.381020864803e+02 
       3.237701862444e-01       7.241032314611e+02 
       3.269761136147e-01       7.099695385273e+02 
       3.301820415827e-01       6.956132612325e+02 
       3.333879701309e-01       6.811827508166e+02 
       3.365938992428e-01       6.667650424626e+02 
       3.397998289022e-01       6.525250992559e+02 
       3.430057590938e-01       6.384929713177e+02 
       3.462116898027e-01       6.248806009109e+02 
       3.494176210146e-01       6.117270124538e+02 
       3.526235527158e-01       5.991351822400e+02 
       3.558294848929e-01       5.871392258570e+02 
       3.590354175331e-01       5.757517112936e+02 
       3.622413506241e-01       5.649744113060e+02 
       3.654472841540e-01       5.547653774488e+02 
       3.686532181113e-01       5.450707075296e+02 
       3.718591524848e-01       5.357666186201e+02 
       3.750650872639e-01       5.267976888234e+02 
       3.782710224381e-01       5.180134364725e+02 
       3.814769579976e-01       5.094267395335e+02 
       3.846828939326e-01       5.009097691665e+02 
       3.878888302338e-01       4.924896949458e+02 
       3.910947668921e-01       4.841193991116e+02 
       3.943007038987e-01       4.758027080448e+02 
       3.975066412453e-01       4.675247052219e+02 
       4.007125789236e-01       4.593076132646e+02 
       4.039185169258e-01       4.511926742329e+02 
       4.071244552440e-01       4.432079364074e+02 
       4.103303938709e-01       4.353930233997e+02 
       4.135363327993e-01       4.278003444690e+02 
       4.167422720222e-01       4.204085597918e+02 
       4.199482115328e-01       4.132498927356e+02 
       4.231541513246e-01       4.063387486973e+02 
       4.263600913911e-01       3.996602184738e+02 
       4.295660317263e-01       3.932045845180e+02 
       4.327719723241e-01       3.869669064482e+02 
       4.359779131787e-01       3.809244408136e+02 
       4.391838542845e-01       3.750611179793e+02 
       4.423897956359e-01       3.693533895377e+02 
       4.455957372277e-01       3.637648696428e+02 
       4.488016790547e-01       3.582992607150e+02 
       4.520076211119e-01       3.529187801046e+02 
       4.552135633943e-01       3.476100980102e+02 
       4.584195058973e-01       3.423654791785e+02 
       4.616254486163e-01       3.371851883561e+02 
       4.648313915467e-01       3.320709530858e+02 
       4.680373346842e-01       3.270328468903e+02 
       4.712432780245e-01       3.220688005279e+02 
       4.744492215636e-01       3.171862634604e+02 
       4.776551652974e-01       3.124058812500e+02 
       4.808611092219e-01       3.077066431625e+02 
       4.840670533335e-01       3.031165869099e+02 
       4.872729976284e-01       2.986403219182e+02 
       4.904789421030e-01       2.942831476101e+02 
       4.936848867537e-01       2.900464825754e+02 
       4.968908315772e-01       2.859244488983e+02 
       5.000967765701e-01       2.819058562465e+02 
       5.033027217293e-01       2.779799911759e+02 
       5.065086670514e-01       2.741386383759e+02 
       5.097146125334e-01       2.703756526040e+02 
       5.129205581724e-01       2.666755757939e+02 
       5.161265039653e-01       2.630517670265e+02 
       5.193324499094e-01       2.594889346956e+02 
       5.225383960018e-01       2.559931725627e+02 
       5.257443422398e-01       2.525313143314e+02 
       5.289502886208e-01       2.491189052368e+02 
       5.321562351421e-01       2.457544092288e+02 
       5.353621818013e-01       2.424428431344e+02 
       5.385681285959e-01       2.391843477910e+02 
       5.417740755234e-01       2.359764060174e+02 
       5.449800225815e-01       2.328488366993e+02 
       5.481859697679e-01       2.297740097513e+02 
       5.513919170804e-01       2.267601141204e+02 
       5.545978645167e-01       2.238020242119e+02 
       5.578038120748e-01       2.209023693429e+02 
       5.610097597525e-01       2.180606691290e+02 
       5.642157075478e-01       2.152768895920e+02 
       5.674216554586e-01       2.125484345490e+02 
       5.706276034831e-01       2.098753154306e+02 
       5.738335516194e-01       2.072519962365e+02 
       5.770394998655e-01       2.046744217842e+02 
       5.802454482196e-01       2.021389284836e+02 
       5.834513966800e-01       1.996433809104e+02 
       5.866573452449e-01       1.971872774434e+02 
       5.898632939126e-01       1.947708424847e+02 
       5.930692426814e-01       1.923866541536e+02 
       5.962751915496e-01       1.900477179730e+02 
       5.994811405158e-01       1.877518388661e+02 
       6.026870895783e-01       1.854835498794e+02 
       6.058930387356e-01       1.832487047768e+02 
       6.090989879861e-01       1.810477548593e+02 
       6.123049373285e-01       1.788825124481e+02 
       6.155108867612e-01       1.767542895210e+02 
       6.187168362830e-01       1.746640672848e+02 
       6.219227858923e-01       1.726112699716e+02 
       6.251287355878e-01       1.705942500900e+02 
       6.283346853683e-01       1.686109466997e+02 
       6.315406352324e-01       1.666598146675e+02 
       6.347465851788e-01       1.647397995022e+02 
       6.379525352063e-01       1.628517778762e+02 
       6.411584853137e-01       1.609952653508e+02 
       6.443644354999e-01       1.591699724728e+02 
       6.475703857635e-01       1.573742208173e+02 
       6.507763361035e-01       1.556061188797e+02 
       6.539822865187e-01       1.538637154368e+02 
       6.571882370081e-01       1.521456797250e+02 
       6.603941875705e-01       1.504518862662e+02 
       6.636001382049e-01       1.487829855845e+02 
       6.668060889103e-01       1.471395737603e+02 
       6.700120396856e-01       1.455218130265e+02 
       6.732179905299e-01       1.439296568457e+02 
       6.764239414421e-01       1.423609265354e+02 
       6.796298924213e-01       1.408146513216e+02 
       6.828358434665e-01       1.392904604829e+02 
       6.860417945768e-01       1.377883583029e+02 
       6.892477457514e-01       1.363089672273e+02 
       6.924536969892e-01       1.348529390023e+02 
       6.956596482895e-01       1.334200019932e+02 
       6.988655996513e-01       1.320095575976e+02 
       7.020715510739e-01       1.306202546377e+02 
       7.052775025564e-01       1.292506469624e+02 
       7.084834540979e-01       1.278998858395e+02 
       7.116894056977e-01       1.265679606507e+02 
       7.148953573551e-01       1.252550919792e+02 
       7.181013090691e-01       1.239617175561e+02 
       7.213072608391e-01       1.226875873981e+02 
       7.245132126643e-01       1.214319177405e+02 
       7.277191645440e-01       1.201936110174e+02 
       7.309251164775e-01       1.189716764592e+02 
       7.341310684640e-01       1.177657288773e+02 
       7.373370205029e-01       1.165755145476e+02 
       7.405429725935e-01       1.154023140625e+02 
       7.437489247351e-01       1.142456818375e+02 
       7.469548769271e-01       1.131059603616e+02 
       7.501608291688e-01       1.119826238809e+02 
       7.533667814595e-01       1.108746664600e+02 
       8.234874627028e-01       8.999341966487e+01 
       9.251239713268e-01       6.830850619217e+01 
       1.086877479463e+00       4.640294388652e+01 
