# Matter power spectrum P(k) at redshift z=0
# for k=6.04767e-06 to 1.19977 h/Mpc,
# number of wavenumbers equal to 678
#    1:k (h/Mpc)              2:P (Mpc/h)^3        
       6.047668715125e-06       2.321651391310e+02 
       1.246848287362e-05       4.670354209918e+02 
       1.889548287529e-05       6.978412459976e+02 
       2.533295829320e-05       9.262970885810e+02 
       3.178521771888e-05       1.153265655483e+03 
       3.825659833446e-05       1.379303922650e+03 
       4.475147556785e-05       1.604823492124e+03 
       5.127427286488e-05       1.830155920622e+03 
       5.782947161216e-05       2.055584053293e+03 
       6.442162124492e-05       2.281359525735e+03 
       7.105534957398e-05       2.507713014767e+03 
       7.773537336696e-05       2.734861037075e+03 
       8.446650921853e-05       2.963010386072e+03 
       9.125368474545e-05       3.192361335929e+03 
       9.810195014229e-05       3.423109973883e+03 
       1.050164901341e-04       3.655450151751e+03 
       1.120026363626e-04       3.889574751596e+03 
       1.190658802429e-04       4.125677094895e+03 
       1.262118863275e-04       4.363951830915e+03 
       1.334465062140e-04       4.604595803582e+03 
       1.407757930339e-04       4.847808960792e+03 
       1.482060165560e-04       5.093795014494e+03 
       1.557436789420e-04       5.342762089202e+03 
       1.633955311838e-04       5.594923429933e+03 
       1.711685902548e-04       5.850497929744e+03 
       1.790701570025e-04       6.109710851410e+03 
       1.871078348049e-04       6.372794275087e+03 
       1.952895490090e-04       6.639987782804e+03 
       2.036235671636e-04       6.911538990650e+03 
       2.121185200490e-04       7.187703936767e+03 
       2.207834234973e-04       7.468748093012e+03 
       2.296277009860e-04       7.754946406206e+03 
       2.386612069691e-04       8.046584228480e+03 
       2.478942508975e-04       8.343957601291e+03 
       2.573376218564e-04       8.647373953470e+03 
       2.670026137232e-04       8.957152560992e+03 
       2.769010507222e-04       9.273625092502e+03 
       2.870453132168e-04       9.597135965218e+03 
       2.974483635447e-04       9.928042922725e+03 
       3.081237716527e-04       1.026671728092e+04 
       3.190857402415e-04       1.061354450989e+04 
       3.303491290719e-04       1.096892412720e+04 
       3.419294780211e-04       1.133327024614e+04 
       3.538430284065e-04       1.170701143106e+04 
       3.661067420185e-04       1.209059080954e+04 
       3.787383172209e-04       1.248446573882e+04 
       3.917562013878e-04       1.288910752196e+04 
       4.051795988551e-04       1.330500104061e+04 
       4.190284734724e-04       1.373264370417e+04 
       4.333235447456e-04       1.417254457698e+04 
       4.480862764773e-04       1.462522304399e+04 
       4.633388567323e-04       1.509120727873e+04 
       4.791041678971e-04       1.557103209369e+04 
       4.954057455616e-04       1.606523671196e+04 
       5.122677249473e-04       1.657436201526e+04 
       5.297147736396e-04       1.709894686691e+04 
       5.477720094634e-04       1.763952496699e+04 
       5.664649024895e-04       1.819662079739e+04 
       5.858191603690e-04       1.877074400380e+04 
       6.058605964863e-04       1.936238521828e+04 
       6.266149807925e-04       1.997201014430e+04 
       6.481078736428e-04       2.060005330576e+04 
       6.703644434986e-04       2.124689805701e+04 
       6.934092699684e-04       2.191283360896e+04 
       7.172661343287e-04       2.259823735334e+04 
       7.419578003650e-04       2.330335448629e+04 
       7.675057890678e-04       2.402836754322e+04 
       7.939301513745e-04       2.477339023135e+04 
       8.212492437187e-04       2.553845900424e+04 
       8.494795115832e-04       2.632353133102e+04 
       8.786352865149e-04       2.712847973761e+04 
       9.087286021037e-04       2.795308883281e+04 
       9.397690342257e-04       2.879705300244e+04 
       9.717635703971e-04       2.965997616616e+04 
       1.004716512371e-03       3.054137115453e+04 
       1.038629415179e-03       3.144066120099e+04 
       1.073501064691e-03       3.235718520373e+04 
       1.109327494527e-03       3.329019838321e+04 
       1.146102041858e-03       3.423888090722e+04 
       1.183815440349e-03       3.520234505606e+04 
       1.222455947337e-03       3.617963951248e+04 
       1.262009501306e-03       3.716976106592e+04 
       1.302459904933e-03       3.817166201434e+04 
       1.343789028433e-03       3.918425772437e+04 
       1.385977027649e-03       4.020644105883e+04 
       1.429002571270e-03       4.123708447957e+04 
       1.472843071818e-03       4.227505504838e+04 
       1.517474915401e-03       4.331921399972e+04 
       1.562873685787e-03       4.436843553348e+04 
       1.609014379042e-03       4.542160971546e+04 
       1.655871605648e-03       4.647763891550e+04 
       1.703419777771e-03       4.753546303922e+04 
       1.751633280039e-03       4.859403850316e+04 
       1.800486622853e-03       4.965237206253e+04 
       1.849954577827e-03       5.070950337374e+04 
       1.900012295442e-03       5.176450416052e+04 
       1.950635405426e-03       5.281650704015e+04 
       2.001800100671e-03       5.386467238514e+04 
       2.053483205730e-03       5.490821172340e+04 
       2.105662231133e-03       5.594638622692e+04 
       2.158315414793e-03       5.697848825412e+04 
       2.211421751869e-03       5.800388178700e+04 
       2.264961014421e-03       5.902194153772e+04 
       2.318913762153e-03       6.003211007955e+04 
       2.373261345473e-03       6.103384139797e+04 
       2.427985902035e-03       6.202669335832e+04 
       2.483070347811e-03       6.301017512910e+04 
       2.538498363657e-03       6.398386154836e+04 
       2.594254378226e-03       6.494745018104e+04 
       2.650323548003e-03       6.590052069898e+04 
       2.706691735108e-03       6.684278726264e+04 
       2.763345483465e-03       6.777280050226e+04 
       2.820271993822e-03       6.869149284970e+04 
       2.877459098046e-03       6.959933597741e+04 
       2.934895233056e-03       7.049515084103e+04 
       2.992569414674e-03       7.137905830039e+04 
       3.050471211654e-03       7.225130162749e+04 
       3.108590720080e-03       7.311116528630e+04 
       3.166918538282e-03       7.395844299963e+04 
       3.225445742406e-03       7.479020073998e+04 
       3.284163862729e-03       7.561088346015e+04 
       3.343064860775e-03       7.642153539148e+04 
       3.402141107300e-03       7.722601121274e+04 
       3.461385361166e-03       7.801077307193e+04 
       3.520790749112e-03       7.878252625456e+04 
       3.580350746447e-03       7.954165137050e+04 
       3.640059158642e-03       8.028783448830e+04 
       3.699910103817e-03       8.102048061178e+04 
       3.759897996099e-03       8.174070483998e+04 
       3.820017529837e-03       8.244803230296e+04 
       3.880263664633e-03       8.314247406220e+04 
       3.940631611175e-03       8.382458836221e+04 
       4.001116817826e-03       8.449602753619e+04 
       4.061714957956e-03       8.515275701853e+04 
       4.122421917955e-03       8.579689210057e+04 
       4.183233785935e-03       8.642832727013e+04 
       4.244146841042e-03       8.704724535520e+04 
       4.305157543391e-03       8.765370054414e+04 
       4.366262524555e-03       8.824776950115e+04 
       4.427458578608e-03       8.882945522542e+04 
       4.488742653668e-03       8.939889792020e+04 
       4.550111843932e-03       8.995622280450e+04 
       4.611563382164e-03       9.050140279905e+04 
       4.673094632610e-03       9.103448383624e+04 
       4.734703084326e-03       9.155567438488e+04 
       4.796386344884e-03       9.206489157657e+04 
       4.858142134439e-03       9.256264730327e+04 
       4.919968280139e-03       9.304891526804e+04 
       4.981862710849e-03       9.352308339803e+04 
       5.043823452180e-03       9.398610246208e+04 
       5.105848621805e-03       9.443774723120e+04 
       5.167936425031e-03       9.487795121508e+04 
       5.230085150632e-03       9.530740530838e+04 
       5.292293166911e-03       9.572478734096e+04 
       5.354558917994e-03       9.613231592587e+04 
       5.416880920319e-03       9.652808452825e+04 
       5.479257759335e-03       9.691287112233e+04 
       5.541688086379e-03       9.728752030118e+04 
       5.604170615727e-03       9.765147440771e+04 
       5.666704121818e-03       9.800487459625e+04 
       5.729287436618e-03       9.834781216408e+04 
       5.791919447146e-03       9.868086026526e+04 
       5.854599093124e-03       9.900279768605e+04 
       5.917325364763e-03       9.931509651548e+04 
       5.980097300673e-03       9.961738392123e+04 
       6.042913985881e-03       9.990963284919e+04 
       6.105774549963e-03       1.001921660747e+05 
       6.168678165278e-03       1.004648785720e+05 
       6.231624045297e-03       1.007278814930e+05 
       6.294611443026e-03       1.009817370574e+05 
       6.357639649508e-03       1.012260222062e+05 
       6.420707992418e-03       1.014605219289e+05 
       6.483815834729e-03       1.016861984383e+05 
       6.546962573446e-03       1.019026061260e+05 
       6.610147638417e-03       1.021101452557e+05 
       6.673370491210e-03       1.023086279772e+05 
       6.736630624043e-03       1.024986875292e+05 
       6.799927558780e-03       1.026790730111e+05 
       6.863260845983e-03       1.028518665598e+05 
       6.926630064010e-03       1.030155849145e+05 
       6.990034818173e-03       1.031666083307e+05 
       7.053474739934e-03       1.033176360346e+05 
       7.116949486153e-03       1.034562530037e+05 
       7.180458738375e-03       1.035865433131e+05 
       7.244002202160e-03       1.037090330488e+05 
       7.307579606451e-03       1.038235281237e+05 
       7.371190702980e-03       1.039297577542e+05 
       7.434835265710e-03       1.040284569698e+05 
       7.498513090305e-03       1.041193223777e+05 
       7.562223993644e-03       1.042028582811e+05 
       7.625967813351e-03       1.042782822008e+05 
       7.689744407368e-03       1.043429161357e+05 
       7.753553653549e-03       1.044080502465e+05 
       7.817395449279e-03       1.044572335481e+05 
       7.881269711126e-03       1.045081063785e+05 
       7.945176374513e-03       1.045433924537e+05 
       8.009115393414e-03       1.045801421440e+05 
       8.073086740075e-03       1.046009051466e+05 
       8.137090404755e-03       1.046245961820e+05 
       8.201126395491e-03       1.046370494401e+05 
       8.265194737879e-03       1.046380062906e+05 
       8.329295474880e-03       1.046413454425e+05 
       8.393428666641e-03       1.046335071657e+05 
       8.457594390340e-03       1.046198686149e+05 
       8.521792740039e-03       1.045950335312e+05 
       8.586023826566e-03       1.045679274723e+05 
       8.650287777407e-03       1.045406295301e+05 
       8.714584736616e-03       1.045015158522e+05 
       8.778914864742e-03       1.044527877973e+05 
       8.843278338769e-03       1.044018156895e+05 
       8.907675352076e-03       1.043457836864e+05 
       8.972106114408e-03       1.042836644597e+05 
       9.036570851859e-03       1.042152823496e+05 
       9.101069806883e-03       1.041430581289e+05 
       9.165603238297e-03       1.040690705948e+05 
       9.230171421321e-03       1.039851248914e+05 
       9.294774647616e-03       1.038959304721e+05 
       9.359413225339e-03       1.038010159019e+05 
       9.424087479217e-03       1.037015410474e+05 
       9.488797750630e-03       1.035918248691e+05 
       9.553544397703e-03       1.034820078046e+05 
       9.618327795420e-03       1.033717276946e+05 
       9.683148335746e-03       1.032471691869e+05 
       9.748006427758e-03       1.031225662971e+05 
       9.812902497801e-03       1.029989072299e+05 
       9.877836989641e-03       1.028606451024e+05 
       9.942810364646e-03       1.027268465847e+05 
       1.000782310197e-02       1.025834286577e+05 
       1.007287569875e-02       1.024368312236e+05 
       1.013796867033e-02       1.022826132306e+05 
       1.020310255047e-02       1.021246902018e+05 
       1.026827789160e-02       1.019667131858e+05 
       1.033349526507e-02       1.018049888098e+05 
       1.039875526142e-02       1.016343030043e+05 
       1.046405849065e-02       1.014652584562e+05 
       1.052940558251e-02       1.012842563016e+05 
       1.059479718684e-02       1.011033285990e+05 
       1.066023397384e-02       1.009214989842e+05 
       1.072571663446e-02       1.007330914293e+05 
       1.079124588072e-02       1.005465571931e+05 
       1.085682244608e-02       1.003514219928e+05 
       1.092244708583e-02       1.001531131284e+05 
       1.098812057750e-02       9.995170768060e+04 
       1.105384372122e-02       9.974753930240e+04 
       1.111961734022e-02       9.953934736962e+04 
       1.118544228123e-02       9.932608870799e+04 
       1.125131941496e-02       9.911247663676e+04 
       1.131724963658e-02       9.889538030280e+04 
       1.138323386620e-02       9.867445805948e+04 
       1.144927304943e-02       9.844766801735e+04 
       1.151536815787e-02       9.822093028984e+04 
       1.158152018970e-02       9.799374033642e+04 
       1.164773017023e-02       9.776052719939e+04 
       1.171399915252e-02       9.752298536949e+04 
       1.178032821798e-02       9.728351914443e+04 
       1.184671847702e-02       9.704295642387e+04 
       1.191317106970e-02       9.680357251965e+04 
       1.197968716643e-02       9.655447789855e+04 
       1.204626796866e-02       9.630649120400e+04 
       1.211291470964e-02       9.605582096990e+04 
       1.217962865517e-02       9.580425458785e+04 
       1.224641110437e-02       9.554680400630e+04 
       1.231326339049e-02       9.528937839881e+04 
       1.238018688181e-02       9.503023348971e+04 
       1.244718298242e-02       9.476809926800e+04 
       1.251425313321e-02       9.450540675219e+04 
       1.258139881273e-02       9.423775661098e+04 
       1.264862153821e-02       9.397102131656e+04 
       1.271592286652e-02       9.370128973742e+04 
       1.278330439525e-02       9.342937921552e+04 
       1.285076776370e-02       9.315451006000e+04 
       1.291831465410e-02       9.288024557790e+04 
       1.298594679265e-02       9.260255989283e+04 
       1.305366595079e-02       9.232399754112e+04 
       1.312147394638e-02       9.204354918332e+04 
       1.318937264499e-02       9.176195461429e+04 
       1.325736396124e-02       9.147845784528e+04 
       1.332544986013e-02       9.119237338492e+04 
       1.339363235851e-02       9.091013635664e+04 
       1.346191352648e-02       9.061775726188e+04 
       1.353029548898e-02       9.032868654091e+04 
       1.359878042735e-02       9.003895584666e+04 
       1.366737058094e-02       8.975055262862e+04 
       1.373606824885e-02       8.945806943184e+04 
       1.380487579167e-02       8.915906425401e+04 
       1.387379563331e-02       8.886363680584e+04 
       1.394283026292e-02       8.856684609765e+04 
       1.401198223682e-02       8.826899842193e+04 
       1.408125418060e-02       8.797031111040e+04 
       1.415064879120e-02       8.767085487988e+04 
       1.422016883917e-02       8.737051787804e+04 
       1.428981717092e-02       8.707262649329e+04 
       1.435959671110e-02       8.676641231466e+04 
       1.442951046516e-02       8.646251596670e+04 
       1.449956152184e-02       8.616230315278e+04 
       1.456975305591e-02       8.585355413114e+04 
       1.464008833094e-02       8.555181395148e+04 
       1.471057070222e-02       8.524187659765e+04 
       1.478120361981e-02       8.493855112143e+04 
       1.485199063164e-02       8.462757528583e+04 
       1.492293538687e-02       8.432016500149e+04 
       1.499404163926e-02       8.401304506411e+04 
       1.506531325076e-02       8.369984752512e+04 
       1.513675419525e-02       8.338994738252e+04 
       1.520836856244e-02       8.308122126767e+04 
       1.528016056186e-02       8.276898871366e+04 
       1.535213452720e-02       8.246102307420e+04 
       1.542429492065e-02       8.214719880779e+04 
       1.549664633755e-02       8.183419059208e+04 
       1.556919351126e-02       8.152145846100e+04 
       1.564194131816e-02       8.121026481488e+04 
       1.571489478297e-02       8.089722124977e+04 
       1.578805908427e-02       8.058251416742e+04 
       1.586143956029e-02       8.026828533187e+04 
       1.593504171498e-02       7.995599201178e+04 
       1.600887122439e-02       7.964011698130e+04 
       1.608293394327e-02       7.932733568786e+04 
       1.615723591213e-02       7.901338233904e+04 
       1.623178336451e-02       7.869690757921e+04 
       1.630658273472e-02       7.838398391864e+04 
       1.638164066587e-02       7.806718329633e+04 
       1.645696401842e-02       7.775227834968e+04 
       1.653255987904e-02       7.743707993388e+04 
       1.660843557005e-02       7.712222309386e+04 
       1.668459865923e-02       7.680880595357e+04 
       1.676105697028e-02       7.649153880117e+04 
       1.683781859371e-02       7.617842708423e+04 
       1.691489189843e-02       7.586120145178e+04 
       1.699228554384e-02       7.554643518594e+04 
       1.707000849276e-02       7.523128000866e+04 
       1.714807002487e-02       7.491623468676e+04 
       1.722647975111e-02       7.460126125374e+04 
       1.730524762874e-02       7.428781588420e+04 
       1.738438397736e-02       7.397173573987e+04 
       1.746389949579e-02       7.365826699121e+04 
       1.754380528004e-02       7.334245527006e+04 
       1.762411284224e-02       7.302767613982e+04 
       1.770483413078e-02       7.271313975560e+04 
       1.778598155166e-02       7.240041904480e+04 
       1.786756799110e-02       7.208591289764e+04 
       1.794960683971e-02       7.177048322995e+04 
       1.803211201796e-02       7.145688769270e+04 
       1.811509800350e-02       7.114357251187e+04 
       1.819857986010e-02       7.083084262552e+04 
       1.828257326857e-02       7.051653917511e+04 
       1.836709455964e-02       7.020401505826e+04 
       1.845216074916e-02       6.989045980218e+04 
       1.853778957563e-02       6.957622348235e+04 
       1.862399954032e-02       6.926398508197e+04 
       1.871080995022e-02       6.895131412889e+04 
       1.879824096402e-02       6.863959669897e+04 
       1.888631364139e-02       6.832592649026e+04 
       1.897504999589e-02       6.801379225036e+04 
       1.906447305173e-02       6.770148251950e+04 
       1.915460690479e-02       6.738953786123e+04 
       1.924547678838e-02       6.707758561691e+04 
       1.933710914393e-02       6.676669276680e+04 
       1.942953169731e-02       6.645387230501e+04 
       1.952277354119e-02       6.614302344035e+04 
       1.961686522408e-02       6.583139353935e+04 
       1.971183884660e-02       6.551874924076e+04 
       1.980772816583e-02       6.520817410454e+04 
       1.990456870849e-02       6.489504910181e+04 
       2.000239789380e-02       6.458495288999e+04 
       2.010125516713e-02       6.427247334603e+04 
       2.020118214552e-02       6.396077442992e+04 
       2.030222277635e-02       6.364992681850e+04 
       2.040442351057e-02       6.333793578199e+04 
       2.050783349218e-02       6.302605598396e+04 
       2.061250476575e-02       6.271304742235e+04 
       2.071849250404e-02       6.240013426405e+04 
       2.082585525811e-02       6.208817570329e+04 
       2.093465523261e-02       6.177532671737e+04 
       2.104495858924e-02       6.146293339878e+04 
       2.115683578197e-02       6.114793691794e+04 
       2.127036192794e-02       6.083644146390e+04 
       2.138561721873e-02       6.052042777078e+04 
       2.150268737716e-02       6.020582300181e+04 
       2.162166416590e-02       5.989038902384e+04 
       2.174264595478e-02       5.957447397540e+04 
       2.186573835515e-02       5.925749622884e+04 
       2.199105493077e-02       5.893994215167e+04 
       2.211871799643e-02       5.862276114614e+04 
       2.224885951726e-02       5.830385994485e+04 
       2.238162212420e-02       5.798286324706e+04 
       2.251716026362e-02       5.766202634263e+04 
       2.265564150248e-02       5.733978994284e+04 
       2.279724801439e-02       5.701621816865e+04 
       2.294217827689e-02       5.669280521761e+04 
       2.309064901584e-02       5.636534741572e+04 
       2.324289744056e-02       5.603856641942e+04 
       2.339918382167e-02       5.570894928900e+04 
       2.355979447496e-02       5.537699009024e+04 
       2.372504522800e-02       5.504434774853e+04 
       2.389528546302e-02       5.470719385467e+04 
       2.407090285085e-02       5.436911312138e+04 
       2.425232891688e-02       5.402867506876e+04 
       2.444004561359e-02       5.368408975020e+04 
       2.463459311583e-02       5.333314894092e+04 
       2.483657910890e-02       5.298546411436e+04 
       2.504668990657e-02       5.262830215444e+04 
       2.526570382331e-02       5.227023923740e+04 
       2.549450733425e-02       5.190566979722e+04 
       2.573411469729e-02       5.153265738014e+04 
       2.598569188899e-02       5.115825498326e+04 
       2.625058592968e-02       5.077281973098e+04 
       2.653036095059e-02       5.038056741243e+04 
       2.682684269000e-02       4.998066135763e+04 
       2.714217349066e-02       4.956957982525e+04 
       2.747888027287e-02       4.914613044014e+04 
       2.783995828844e-02       4.870996742062e+04 
       2.822897351833e-02       4.825468839324e+04 
       2.865018593272e-02       4.778088145397e+04 
       2.910869363884e-02       4.728269559567e+04 
       2.961059259370e-02       4.675206382592e+04 
       3.016313522269e-02       4.618014391536e+04 
       3.077484946588e-02       4.556396842100e+04 
       3.145554177465e-02       4.488165143850e+04 
       3.221605036383e-02       4.411494002626e+04 
       3.306755070888e-02       4.324525186277e+04 
       3.402019732370e-02       4.224315884673e+04 
       3.508103429181e-02       4.107253830450e+04 
       3.625155577851e-02       3.971423351399e+04 
       3.752594703875e-02       3.814883486657e+04 
       3.889127105152e-02       3.639404865202e+04 
       4.032998430270e-02       3.448503840875e+04 
       4.182362112076e-02       3.248586916933e+04 
       4.335584623473e-02       3.047706604155e+04 
       4.491390646618e-02       2.853551386954e+04 
       4.648868286419e-02       2.672864707692e+04 
       4.807403190926e-02       2.510103081182e+04 
       4.966597273699e-02       2.368537053770e+04 
       5.126198893371e-02       2.248587027779e+04 
       5.286051409355e-02       2.149590375342e+04 
       5.446058221798e-02       2.069087763877e+04 
       5.606160080263e-02       2.003635156843e+04 
       5.766320746944e-02       1.949553294794e+04 
       5.926518082414e-02       1.902712654355e+04 
       6.086738555879e-02       1.859010217653e+04 
       6.246973883764e-02       1.814819200368e+04 
       6.407218978480e-02       1.767758716175e+04 
       6.567470699182e-02       1.715820066627e+04 
       6.727727091761e-02       1.658327507428e+04 
       6.887986926678e-02       1.595886878818e+04 
       7.048249417906e-02       1.529417977855e+04 
       7.208514051954e-02       1.460812038298e+04 
       7.368780483745e-02       1.392118166625e+04 
       7.529048473136e-02       1.325339485550e+04 
       7.689317846125e-02       1.262567747770e+04 
       7.849588471073e-02       1.204954852214e+04 
       8.009860244058e-02       1.153753970520e+04 
       8.170133079809e-02       1.109088378078e+04 
       8.330406906022e-02       1.071059504495e+04 
       8.490681659776e-02       1.039069894840e+04 
       8.650957285207e-02       1.012244915634e+04 
       8.811233731989e-02       9.894112713926e+03 
       8.971510954300e-02       9.693396711773e+03 
       9.131788910090e-02       9.508917595665e+03 
       9.292067560561e-02       9.329685710834e+03 
       9.452346869766e-02       9.144187410791e+03 
       9.612626804293e-02       8.945264922160e+03 
       9.772907333013e-02       8.727422323887e+03 
       9.933188426865e-02       8.491172248071e+03 
       1.009347005868e-01       8.238535006516e+03 
       1.025375220300e-01       7.974488954474e+03 
       1.041403483599e-01       7.704501578049e+03 
       1.057431793523e-01       7.436279561395e+03 
       1.073460147970e-01       7.176254340408e+03 
       1.089488544959e-01       6.929596950551e+03 
       1.105516982627e-01       6.700011378184e+03 
       1.121545459218e-01       6.489994930342e+03 
       1.137573973075e-01       6.301540645374e+03 
       1.153602522634e-01       6.134395684200e+03 
       1.169631106417e-01       5.986795331341e+03 
       1.185659723028e-01       5.856512040405e+03 
       1.201688371143e-01       5.740106110066e+03 
       1.217717049512e-01       5.633374731853e+03 
       1.233745756948e-01       5.532503011051e+03 
       1.249774492325e-01       5.433716196383e+03 
       1.265803254574e-01       5.334137012587e+03 
       1.281832042683e-01       5.231028949888e+03 
       1.297860855687e-01       5.123226913496e+03 
       1.313889692669e-01       5.011176884222e+03 
       1.329918552758e-01       4.894424028902e+03 
       1.345947435122e-01       4.774422431765e+03 
       1.361976338972e-01       4.652311802442e+03 
       1.378005263553e-01       4.530765336420e+03 
       1.394034208145e-01       4.411499286819e+03 
       1.410063172063e-01       4.296553866558e+03 
       1.426092154652e-01       4.187524775804e+03 
       1.442121155285e-01       4.085489393948e+03 
       1.458150173365e-01       3.991145861379e+03 
       1.474179208318e-01       3.904263491453e+03 
       1.490208259599e-01       3.824393180695e+03 
       1.506237326682e-01       3.750708014740e+03 
       1.522266409066e-01       3.682080694268e+03 
       1.538295506270e-01       3.617551197430e+03 
       1.554324617833e-01       3.555831580104e+03 
       1.570353743315e-01       3.495571230741e+03 
       1.586382882289e-01       3.436007566328e+03 
       1.602412034351e-01       3.376129022950e+03 
       1.618441199108e-01       3.315659627815e+03 
       1.634470376186e-01       3.254078674987e+03 
       1.650499565224e-01       3.191488863983e+03 
       1.666528765875e-01       3.128351874132e+03 
       1.682557977805e-01       3.065161781283e+03 
       1.698587200695e-01       3.002360828824e+03 
       1.714616434234e-01       2.940712704501e+03 
       1.730645678127e-01       2.880621651641e+03 
       1.746674932086e-01       2.822711899909e+03 
       1.762704195836e-01       2.767050821068e+03 
       1.778733469111e-01       2.713857036127e+03 
       1.794762751654e-01       2.663618848873e+03 
       1.810792043219e-01       2.616058346447e+03 
       1.826821343566e-01       2.571119214927e+03 
       1.842850652466e-01       2.528287631376e+03 
       1.858879969697e-01       2.487263953329e+03 
       1.874909295043e-01       2.447623681080e+03 
       1.890938628298e-01       2.409116438175e+03 
       1.906967969262e-01       2.370959605213e+03 
       1.922997317740e-01       2.333417787690e+03 
       1.939026673546e-01       2.296110511979e+03 
       1.955056036499e-01       2.258951993650e+03 
       1.971085406424e-01       2.221877556892e+03 
       1.987114783151e-01       2.185071252750e+03 
       2.003144166516e-01       2.148442415972e+03 
       2.019173556361e-01       2.112106818943e+03 
       2.035202952532e-01       2.076489384988e+03 
       2.051232354880e-01       2.041387915025e+03 
       2.067261763260e-01       2.007205956280e+03 
       2.083291177534e-01       1.974069029086e+03 
       2.099320597566e-01       1.942069086066e+03 
       2.115350023223e-01       1.911019459964e+03 
       2.131379454380e-01       1.881016097709e+03 
       2.147408890912e-01       1.852006159462e+03 
       2.163438332698e-01       1.823941229125e+03 
       2.179467779624e-01       1.796765987965e+03 
       2.195497231576e-01       1.770292195798e+03 
       2.211526688444e-01       1.744719802316e+03 
       2.227556150122e-01       1.719534878883e+03 
       2.243585616506e-01       1.694916075402e+03 
       2.259615087496e-01       1.670755294707e+03 
       2.275644562994e-01       1.646734143276e+03 
       2.291674042905e-01       1.622984375715e+03 
       2.307703527137e-01       1.599644427022e+03 
       2.323733015601e-01       1.576379661359e+03 
       2.339762508208e-01       1.553581794641e+03 
       2.355792004874e-01       1.531007029728e+03 
       2.371821505517e-01       1.508821400467e+03 
       2.387851010056e-01       1.487086017981e+03 
       2.403880518413e-01       1.465602766048e+03 
       2.419910030512e-01       1.444770676964e+03 
       2.435939546278e-01       1.424373721199e+03 
       2.451969065640e-01       1.404430637227e+03 
       2.467998588528e-01       1.385178084204e+03 
       2.484028114872e-01       1.366365876157e+03 
       2.500057644606e-01       1.347957619987e+03 
       2.516087177666e-01       1.330102642963e+03 
       2.532116713987e-01       1.312525339942e+03 
       2.548146253508e-01       1.295290132731e+03 
       2.564175796169e-01       1.278410038303e+03 
       2.580205341911e-01       1.261823892613e+03 
       2.596234890677e-01       1.245514678655e+03 
       2.612264442411e-01       1.229419885620e+03 
       2.628293997059e-01       1.213547835115e+03 
       2.644323554567e-01       1.197877581358e+03 
       2.660353114883e-01       1.182413204967e+03 
       2.676382677958e-01       1.167173340756e+03 
       2.692412243741e-01       1.152186816882e+03 
       2.708441812185e-01       1.137474844612e+03 
       2.724471383241e-01       1.122987294393e+03 
       2.740500956865e-01       1.108805634367e+03 
       2.756530533012e-01       1.094891038706e+03 
       2.772560111636e-01       1.081236060292e+03 
       2.788589692697e-01       1.067839089593e+03 
       2.804619276151e-01       1.054704646925e+03 
       2.820648861957e-01       1.041828756137e+03 
       2.836678450077e-01       1.029210745125e+03 
       2.852708040470e-01       1.016837688644e+03 
       2.868737633099e-01       1.004689650038e+03 
       2.884767227926e-01       9.927464431793e+02 
       2.900796824914e-01       9.809906372298e+02 
       2.916826424029e-01       9.694678811495e+02 
       2.932856025234e-01       9.580107147594e+02 
       2.948885628496e-01       9.467855131621e+02 
       2.964915233781e-01       9.357360107601e+02 
       2.980944841057e-01       9.248572226253e+02 
       2.996974450291e-01       9.141405789356e+02 
       3.013004061452e-01       9.035775476681e+02 
       3.029033674510e-01       8.931631092992e+02 
       3.045063289434e-01       8.829004145704e+02 
       3.061092906195e-01       8.727983607972e+02 
       3.077122524765e-01       8.628633656226e+02 
       3.093152145115e-01       8.531015188821e+02 
       3.109181767217e-01       8.435095977350e+02 
       3.125211391044e-01       8.340799050255e+02 
       3.141241016571e-01       8.248035573516e+02 
       3.157270643770e-01       8.156729689805e+02 
       3.173300272618e-01       8.066837778345e+02 
       3.189329903088e-01       7.978390162435e+02 
       3.205359535156e-01       7.891378959477e+02 
       3.221389168798e-01       7.805790021777e+02 
       3.237418803992e-01       7.721549083827e+02 
       3.253448440713e-01       7.638561469776e+02 
       3.269478078940e-01       7.556734570317e+02 
       3.285507718650e-01       7.476007554490e+02 
       3.301537359822e-01       7.396369056140e+02 
       3.317567002435e-01       7.317860917577e+02 
       3.333596646467e-01       7.240507840845e+02 
       3.349626291898e-01       7.164328172642e+02 
       3.365655938708e-01       7.089321199550e+02 
       3.381685586878e-01       7.015371940144e+02 
       3.397715236388e-01       6.942451799742e+02 
       3.413744887219e-01       6.870531384525e+02 
       3.429774539353e-01       6.799618463153e+02 
       3.445804192772e-01       6.729741298606e+02 
       3.461833847457e-01       6.660932608134e+02 
       3.477863503391e-01       6.593191655009e+02 
       3.493893160557e-01       6.526485342023e+02 
       3.509922818938e-01       6.461116779996e+02 
       3.525952478517e-01       6.396275489908e+02 
       3.541982139279e-01       6.332297553714e+02 
       3.558011801206e-01       6.269178649691e+02 
       3.574041464283e-01       6.206933555978e+02 
       3.590071128496e-01       6.145581100190e+02 
       3.606100793827e-01       6.085116735601e+02 
       3.622130460264e-01       6.025502450868e+02 
       3.638160127791e-01       5.966686029183e+02 
       3.654189796393e-01       5.908619293803e+02 
       3.670219466058e-01       5.851281782564e+02 
       3.686249136769e-01       5.794667344809e+02 
       3.702278808515e-01       5.738831849097e+02 
       3.718308481282e-01       5.683762117491e+02 
       3.734338155056e-01       5.629475843022e+02 
       3.750367829825e-01       5.575946373845e+02 
       3.766397505576e-01       5.523127043488e+02 
       3.782427182296e-01       5.470959488842e+02 
       3.798456859973e-01       5.419456734875e+02 
       3.814486538595e-01       5.368618248393e+02 
       3.830516218150e-01       5.318444630148e+02 
       3.846545898626e-01       5.268961523963e+02 
       3.862575580013e-01       5.220162286939e+02 
       3.878605262297e-01       5.172022701376e+02 
       3.894634945470e-01       5.124486445935e+02 
       3.910664629519e-01       5.077532693536e+02 
       3.926694314433e-01       5.031138677102e+02 
       3.942724000203e-01       4.985309634300e+02 
       3.958753686818e-01       4.940067241493e+02 
       3.974783374267e-01       4.895424767713e+02 
       3.990813062541e-01       4.851377476507e+02 
       4.006842751629e-01       4.807895503989e+02 
       4.022872441522e-01       4.764942355717e+02 
       4.038902132210e-01       4.722493643569e+02 
       4.054931823684e-01       4.680537163546e+02 
       4.070961515934e-01       4.639079143220e+02 
       4.086991208952e-01       4.598145524048e+02 
       4.103020902728e-01       4.557739386847e+02 
       4.119050597253e-01       4.517857830220e+02 
       4.135080292519e-01       4.478483680262e+02 
       4.151109988517e-01       4.439577263784e+02 
       4.167139685239e-01       4.401116967015e+02 
       4.183169382676e-01       4.363079522770e+02 
       4.199199080820e-01       4.325496882257e+02 
       4.215228779663e-01       4.288378313871e+02 
       4.231258479197e-01       4.251725945032e+02 
       4.247288179414e-01       4.215540855512e+02 
       4.263317880307e-01       4.179771415738e+02 
       4.279347581867e-01       4.144437327999e+02 
       4.295377284088e-01       4.109491025146e+02 
       4.311406986962e-01       4.074932858310e+02 
       4.327436690482e-01       4.040762465707e+02 
       4.343466394640e-01       4.006999503391e+02 
       4.359496099430e-01       3.973649736414e+02 
       5.003247870855e-01       2.901094529336e+02 
       6.047330834337e-01       1.869178643579e+02 
       7.571164365143e-01       1.099705272079e+02 
       9.530092861153e-01       6.328936272674e+01 
       1.199766574391e+00       3.610084800027e+01 
