# Matter power spectrum P(k) at redshift z=0
# for k=1.04206e-05 to 1.08688 h/Mpc,
# number of wavenumbers equal to 603
#    1:k (h/Mpc)              2:P (Mpc/h)^3        
       1.042057218184e-05       5.097740214050e+01 
       2.326967407118e-05       1.107711274916e+02 
       3.616373025385e-05       1.695899997598e+02 
       4.913726151694e-05       2.280372886129e+02 
       6.222535674519e-05       2.864604298766e+02 
       7.546398425925e-05       3.451223598615e+02 
       8.889031306114e-05       4.042494779992e+02 
       1.025430482400e-04       4.640515724738e+02 
       1.164627848241e-04       5.247318113196e+02 
       1.306923843984e-04       5.864930247440e+02 
       1.452773788140e-04       6.495419858922e+02 
       1.602664052592e-04       7.140928340092e+02 
       1.757116767896e-04       7.803699824170e+02 
       1.916694920592e-04       8.486107571552e+02 
       2.082007873531e-04       9.190680284896e+02 
       2.253717329846e-04       9.920127313128e+02 
       2.432543744979e-04       1.067736448602e+03 
       2.619273167265e-04       1.146554012367e+03 
       2.814764453069e-04       1.228806071824e+03 
       3.019956754356e-04       1.314861760476e+03 
       3.235877111086e-04       1.405120993750e+03 
       3.463647893982e-04       1.500016890055e+03 
       3.704493731400e-04       1.600017359505e+03 
       3.959747414598e-04       1.705626596271e+03 
       4.230854108700e-04       1.817385134232e+03 
       4.519373007024e-04       1.935868943243e+03 
       4.826975366868e-04       2.061686780300e+03 
       5.155437679602e-04       2.195475277995e+03 
       5.506628596178e-04       2.337891338134e+03 
       5.882488207355e-04       2.489601442942e+03 
       6.284998437510e-04       2.651267214560e+03 
       6.716143729589e-04       2.823527357116e+03 
       7.177861941321e-04       3.006976125475e+03 
       7.671986460617e-04       3.202138646974e+03 
       8.200181922824e-04       3.409444657751e+03 
       8.763877404929e-04       3.629202499614e+03 
       9.364202297721e-04       3.861575179474e+03 
       1.000193085873e-03       4.106561620048e+03 
       1.067744139097e-03       4.363984659487e+03 
       1.139069488995e-03       4.633488514676e+03 
       1.214123592691e-03       4.914545736911e+03 
       1.292821585146e-03       5.206473340791e+03 
       1.375043566260e-03       5.508436867074e+03 
       1.460640369998e-03       5.819518127641e+03 
       1.549440206739e-03       6.138751929883e+03 
       1.641255555047e-03       6.465114741563e+03 
       1.735889757970e-03       6.797574527188e+03 
       1.833142917693e-03       7.135112029379e+03 
       1.932816842085e-03       7.476744693062e+03 
       2.034718945141e-03       7.821539149437e+03 
       2.138665120595e-03       8.168620087598e+03 
       2.244481687023e-03       8.517181419721e+03 
       2.352006545691e-03       8.866481969060e+03 
       2.461089706729e-03       9.215851183116e+03 
       2.571593333874e-03       9.564683871134e+03 
       2.683391441209e-03       9.912439828455e+03 
       2.796369353385e-03       1.025863534103e+04 
       2.910423018044e-03       1.060284635948e+04 
       3.025458238157e-03       1.094469555046e+04 
       3.141389873900e-03       1.128385496303e+04 
       3.258141048979e-03       1.162003857301e+04 
       3.375642384775e-03       1.195299367483e+04 
       3.493831276973e-03       1.228251219688e+04 
       3.612651222911e-03       1.260839489745e+04 
       3.732051203381e-03       1.293050284800e+04 
       3.851985119443e-03       1.324869435826e+04 
       3.972411282778e-03       1.356284239798e+04 
       4.093291956816e-03       1.387286996445e+04 
       4.214592945137e-03       1.417869422627e+04 
       4.336283223305e-03       1.448024186378e+04 
       4.458334610212e-03       1.477747651472e+04 
       4.580721475085e-03       1.507034613101e+04 
       4.703420476514e-03       1.535881806283e+04 
       4.826410330102e-03       1.564284165645e+04 
       4.949671601620e-03       1.592246477687e+04 
       5.073186522822e-03       1.619762792934e+04 
       5.196938827396e-03       1.646836631376e+04 
       5.320913604738e-03       1.673470005385e+04 
       5.445097169534e-03       1.699659164152e+04 
       5.569476945340e-03       1.725406482530e+04 
       5.694041360547e-03       1.750712536014e+04 
       5.818779755339e-03       1.775578890968e+04 
       5.943682298366e-03       1.800008073986e+04 
       6.068739912061e-03       1.824002324475e+04 
       6.193944205599e-03       1.847525523939e+04 
       6.319287414666e-03       1.870657347668e+04 
       6.444762347267e-03       1.893366479361e+04 
       6.570362334913e-03       1.915656994863e+04 
       6.696081188603e-03       1.937527836248e+04 
       6.821913159065e-03       1.958982594041e+04 
       6.947852900830e-03       1.980029002777e+04 
       7.073895439691e-03       2.000666147861e+04 
       7.200036143231e-03       2.020898935715e+04 
       7.326270694071e-03       2.040723003174e+04 
       7.452595065570e-03       2.060155620633e+04 
       7.579005499726e-03       2.079191938611e+04 
       7.705498487058e-03       2.097858867991e+04 
       7.832070748261e-03       2.116139751534e+04 
       7.958719217469e-03       2.134031102991e+04 
       8.085441026969e-03       2.151520500283e+04 
       8.212233493217e-03       2.168655819923e+04 
       8.339094104040e-03       2.185438166239e+04 
       8.466020506906e-03       2.201820511188e+04 
       8.593010498167e-03       2.217843198213e+04 
       8.720062013184e-03       2.233542276354e+04 
       8.847173117248e-03       2.248867507977e+04 
       8.974341997231e-03       2.263843818264e+04 
       9.101566953904e-03       2.278452526191e+04 
       9.228846394849e-03       2.292748352425e+04 
       9.356178827935e-03       2.306698356725e+04 
       9.483562855287e-03       2.320346138999e+04 
       9.610997167722e-03       2.333605526800e+04 
       9.738480539603e-03       2.346563795926e+04 
       9.866011824080e-03       2.359195186466e+04 
       9.993589948689e-03       2.371505850835e+04 
       1.012121391127e-02       2.383543771520e+04 
       1.024888277620e-02       2.395226334092e+04 
       1.037659567085e-02       2.406587184676e+04 
       1.050435178240e-02       2.417626211102e+04 
       1.063215035476e-02       2.428391294014e+04 
       1.075999068579e-02       2.438886370402e+04 
       1.088787212472e-02       2.449019625039e+04 
       1.101579406970e-02       2.458948274140e+04 
       1.114375596555e-02       2.468489646088e+04 
       1.127175730171e-02       2.477779239366e+04 
       1.139979761025e-02       2.486841393577e+04 
       1.152787646409e-02       2.495541187972e+04 
       1.165599347531e-02       2.503994101619e+04 
       1.178414829358e-02       2.512196285121e+04 
       1.191234060471e-02       2.520110364205e+04 
       1.204057012930e-02       2.527814700638e+04 
       1.216883662147e-02       2.535210134233e+04 
       1.229713986770e-02       2.542279964400e+04 
       1.242547968574e-02       2.549235814135e+04 
       1.255385592360e-02       2.555776442774e+04 
       1.268226845859e-02       2.562142549578e+04 
       1.281071719650e-02       2.568316465895e+04 
       1.293920207075e-02       2.574133493481e+04 
       1.306772304166e-02       2.579829413653e+04 
       1.319628009576e-02       2.585149333878e+04 
       1.332487324514e-02       2.590325042288e+04 
       1.345350252690e-02       2.595248010358e+04 
       1.358216800256e-02       2.599938517142e+04 
       1.371086975761e-02       2.604387587954e+04 
       1.383960790101e-02       2.608622314221e+04 
       1.396838256483e-02       2.612664153849e+04 
       1.409719390384e-02       2.616450240338e+04 
       1.422604209517e-02       2.620087170124e+04 
       1.435492733802e-02       2.623429514962e+04 
       1.448384985339e-02       2.626538074874e+04 
       1.461280988382e-02       2.629486147972e+04 
       1.474180769318e-02       2.632223376068e+04 
       1.487084356650e-02       2.634754711432e+04 
       1.499991780983e-02       2.637087658862e+04 
       1.512903075006e-02       2.639269184094e+04 
       1.525818273484e-02       2.641159669848e+04 
       1.538737413253e-02       2.642903467698e+04 
       1.551660533208e-02       2.644464815253e+04 
       1.564587674306e-02       2.645858437066e+04 
       1.577518879559e-02       2.646999593509e+04 
       1.590454194039e-02       2.648044266828e+04 
       1.603393664878e-02       2.648794707351e+04 
       1.616337341274e-02       2.649474503721e+04 
       1.629285274500e-02       2.649932681149e+04 
       1.642237517907e-02       2.650188955119e+04 
       1.655194126939e-02       2.650310629982e+04 
       1.668155159146e-02       2.650275307100e+04 
       1.681120674194e-02       2.650022644020e+04 
       1.694090733885e-02       2.649642988098e+04 
       1.707065402172e-02       2.649090586808e+04 
       1.720044745181e-02       2.648367412341e+04 
       1.733028831227e-02       2.647491434801e+04 
       1.746017730845e-02       2.646482879921e+04 
       1.759011516805e-02       2.645321221943e+04 
       1.772010264146e-02       2.643962124861e+04 
       1.785014050199e-02       2.642478044382e+04 
       1.798022954618e-02       2.640854313722e+04 
       1.811037059412e-02       2.639085026165e+04 
       1.824056448975e-02       2.637184066244e+04 
       1.837081210124e-02       2.635143062398e+04 
       1.850111432132e-02       2.632952887924e+04 
       1.863147206769e-02       2.630625803979e+04 
       1.876188628337e-02       2.628178689144e+04 
       1.889235793715e-02       2.625585026891e+04 
       1.902288802400e-02       2.622872934469e+04 
       1.915347756555e-02       2.620010345254e+04 
       1.928412761048e-02       2.617039395185e+04 
       1.941483923509e-02       2.613924296942e+04 
       1.954561354375e-02       2.610714124629e+04 
       1.967645166942e-02       2.607365598273e+04 
       1.980735477421e-02       2.603927305523e+04 
       1.993832404991e-02       2.600315143068e+04 
       2.006936071861e-02       2.596655360321e+04 
       2.020046603324e-02       2.592850399577e+04 
       2.033164127822e-02       2.588909900630e+04 
       2.046288777012e-02       2.584909924070e+04 
       2.059420685826e-02       2.580781201703e+04 
       2.072559992545e-02       2.576557313747e+04 
       2.085706838865e-02       2.572219174304e+04 
       2.098861369972e-02       2.567766776359e+04 
       2.112023734617e-02       2.563230275173e+04 
       2.125194085192e-02       2.558597630925e+04 
       2.138372577811e-02       2.553868654811e+04 
       2.151559372392e-02       2.549059472385e+04 
       2.164754632740e-02       2.544152338463e+04 
       2.177958526640e-02       2.539129625974e+04 
       2.191171225941e-02       2.534049176118e+04 
       2.204392906655e-02       2.528851864830e+04 
       2.217623749047e-02       2.523616658367e+04 
       2.230863937740e-02       2.518232197921e+04 
       2.244113661815e-02       2.512806116582e+04 
       2.257373114915e-02       2.507303765507e+04 
       2.270642495357e-02       2.501703123446e+04 
       2.283922006239e-02       2.496032217400e+04 
       2.297211855563e-02       2.490293331083e+04 
       2.310512256347e-02       2.484471221753e+04 
       2.323823426753e-02       2.478582321152e+04 
       2.337145590214e-02       2.472646944473e+04 
       2.350478975560e-02       2.466586481798e+04 
       2.363823817159e-02       2.460492057522e+04 
       2.377180355052e-02       2.454327726693e+04 
       2.390548835100e-02       2.448096937589e+04 
       2.403929509132e-02       2.441819217696e+04 
       2.417322635095e-02       2.435444103879e+04 
       2.430728477217e-02       2.429028649258e+04 
       2.444147306165e-02       2.422553399339e+04 
       2.457579399219e-02       2.416020139882e+04 
       2.471025040442e-02       2.409433073886e+04 
       2.484484520861e-02       2.402790770455e+04 
       2.497958138653e-02       2.396090057379e+04 
       2.511446199337e-02       2.389341285305e+04 
       2.524949015970e-02       2.382562370805e+04 
       2.538466909356e-02       2.375687664335e+04 
       2.552000208254e-02       2.368812668965e+04 
       2.565549249596e-02       2.361847035358e+04 
       2.579114378719e-02       2.354857238653e+04 
       2.592695949593e-02       2.347819777217e+04 
       2.606294325065e-02       2.340742054855e+04 
       2.619909877110e-02       2.333634916110e+04 
       2.633542987090e-02       2.326470370692e+04 
       2.647194046021e-02       2.319259789470e+04 
       2.660863454854e-02       2.312022546685e+04 
       2.674551624756e-02       2.304745497032e+04 
       2.688258977414e-02       2.297429984317e+04 
       2.701985945341e-02       2.290083779627e+04 
       2.715732972196e-02       2.282699672016e+04 
       2.729500513111e-02       2.275285635873e+04 
       2.743289035043e-02       2.267843134038e+04 
       2.757099017121e-02       2.260367369186e+04 
       2.770930951021e-02       2.252862477146e+04 
       2.784785341348e-02       2.245330441286e+04 
       2.798662706029e-02       2.237775109997e+04 
       2.812563576733e-02       2.230172184931e+04 
       2.826488499293e-02       2.222560042532e+04 
       2.840438034155e-02       2.214921814436e+04 
       2.854412756837e-02       2.207255907434e+04 
       2.868413258412e-02       2.199596571763e+04 
       2.882440146005e-02       2.191872695677e+04 
       2.896494043314e-02       2.184164227004e+04 
       2.910575591146e-02       2.176399232585e+04 
       2.924685447984e-02       2.168634966554e+04 
       2.938824290569e-02       2.160870748836e+04 
       2.952992814506e-02       2.153057507086e+04 
       2.967191734903e-02       2.145237744317e+04 
       2.981421787025e-02       2.137416646796e+04 
       2.995683726987e-02       2.129560392691e+04 
       3.009978332469e-02       2.121700796702e+04 
       3.024306403464e-02       2.113825778213e+04 
       3.038668763056e-02       2.105946930011e+04 
       3.053066258240e-02       2.098044215593e+04 
       3.067499760764e-02       2.090123063150e+04 
       3.081970168023e-02       2.082215769854e+04 
       3.096478403981e-02       2.074283410691e+04 
       3.111025420145e-02       2.066337839632e+04 
       3.125612196574e-02       2.058385723377e+04 
       3.140239742941e-02       2.050432059571e+04 
       3.154909099640e-02       2.042473754186e+04 
       3.169621338949e-02       2.034511628063e+04 
       3.184377566244e-02       2.026536560732e+04 
       3.199178921272e-02       2.018556431116e+04 
       3.214026579485e-02       2.010572970005e+04 
       3.228921753445e-02       2.002582837444e+04 
       3.243865694286e-02       1.994599701844e+04 
       3.258859693257e-02       1.986585303267e+04 
       3.273905083344e-02       1.978593854223e+04 
       3.289003240964e-02       1.970588543001e+04 
       3.304155587758e-02       1.962589499367e+04 
       3.319363592466e-02       1.954597586756e+04 
       3.334628772906e-02       1.946588451710e+04 
       3.349952698058e-02       1.938580042988e+04 
       3.365336990249e-02       1.930579438226e+04 
       3.380783327471e-02       1.922571873904e+04 
       3.396293445813e-02       1.914575857058e+04 
       3.411869142031e-02       1.906575158520e+04 
       3.427512276259e-02       1.898568881440e+04 
       3.443224774876e-02       1.890571057669e+04 
       3.459008633536e-02       1.882581296025e+04 
       3.474865920362e-02       1.874574847478e+04 
       3.490798779340e-02       1.866588853559e+04 
       3.506809433905e-02       1.858604338720e+04 
       3.522900190736e-02       1.850613850746e+04 
       3.539073443791e-02       1.842627630331e+04 
       3.555331678574e-02       1.834644796148e+04 
       3.571677476678e-02       1.826672560405e+04 
       3.588113520600e-02       1.818701811603e+04 
       3.604642598866e-02       1.810722685163e+04 
       3.621267611484e-02       1.802767104243e+04 
       3.637991575745e-02       1.794801913248e+04 
       3.654817632410e-02       1.786842392359e+04 
       3.671749052301e-02       1.778887457138e+04 
       3.688789243340e-02       1.770943454009e+04 
       3.705941758069e-02       1.762995656308e+04 
       3.723210301680e-02       1.755049410181e+04 
       3.740598740618e-02       1.747106669801e+04 
       3.758111111783e-02       1.739183486962e+04 
       3.775751632403e-02       1.731244910146e+04 
       3.793524710623e-02       1.723314979816e+04 
       3.811434956870e-02       1.715395588485e+04 
       3.829487196082e-02       1.707471389401e+04 
       3.847686480858e-02       1.699555227484e+04 
       3.866038105627e-02       1.691641559481e+04 
       3.884547621928e-02       1.683728325845e+04 
       3.903220854898e-02       1.675820061060e+04 
       3.922063921103e-02       1.667906696292e+04 
       3.941083247821e-02       1.659997155274e+04 
       3.960285593935e-02       1.652088156696e+04 
       3.979678072600e-02       1.644185243809e+04 
       3.999268175844e-02       1.636271839992e+04 
       4.019063801341e-02       1.628369182789e+04 
       4.039073281548e-02       1.620457789975e+04 
       4.059305415483e-02       1.612550110957e+04 
       4.079769503422e-02       1.604634792962e+04 
       4.100475384851e-02       1.596718176684e+04 
       4.121433480028e-02       1.588798053398e+04 
       4.142654835573e-02       1.580876671978e+04 
       4.164151174566e-02       1.572945324662e+04 
       4.185934951690e-02       1.565009263764e+04 
       4.208019414017e-02       1.557061464473e+04 
       4.230418668160e-02       1.549114856325e+04 
       4.253147754575e-02       1.541152072227e+04 
       4.276222729946e-02       1.533177285758e+04 
       4.299660758703e-02       1.525191874354e+04 
       4.323480214917e-02       1.517186984258e+04 
       4.347700795965e-02       1.509175720803e+04 
       4.372343649631e-02       1.501148943622e+04 
       4.397431516545e-02       1.493094830217e+04 
       4.422988890203e-02       1.485035268659e+04 
       4.449042197184e-02       1.476939841413e+04 
       4.475620000645e-02       1.468821922595e+04 
       4.502753230701e-02       1.460684092253e+04 
       4.530475446011e-02       1.452505017506e+04 
       4.558823131619e-02       1.444306794111e+04 
       4.587836039146e-02       1.436068557589e+04 
       4.617557576556e-02       1.427792722681e+04 
       4.648035256198e-02       1.419492352731e+04 
       4.679321211609e-02       1.411113940620e+04 
       4.711472795746e-02       1.402705629267e+04 
       4.744553276042e-02       1.394243069750e+04 
       4.778632645086e-02       1.385721037431e+04 
       4.813788569931e-02       1.377142409843e+04 
       4.850107508359e-02       1.368494846416e+04 
       4.887686027110e-02       1.359749265121e+04 
       4.926632365536e-02       1.350927594439e+04 
       4.967068298830e-02       1.342025204840e+04 
       5.009131368619e-02       1.333011815433e+04 
       5.052977566070e-02       1.323895074918e+04 
       5.098784574743e-02       1.314638278813e+04 
       5.146755708620e-02       1.305259661442e+04 
       5.197124716478e-02       1.295727001892e+04 
       5.250161668691e-02       1.285966801521e+04 
       5.306180198290e-02       1.276044791653e+04 
       5.365546435363e-02       1.265890806042e+04 
       5.428690051164e-02       1.255462113199e+04 
       5.496117909081e-02       1.244769735972e+04 
       5.568430885770e-02       1.233632631096e+04 
       5.646344436477e-02       1.222084762537e+04 
       5.730713347390e-02       1.210077329379e+04 
       5.822560673139e-02       1.197404481474e+04 
       5.923109774848e-02       1.183969693302e+04 
       6.033816081082e-02       1.169516612458e+04 
       6.156390783279e-02       1.153815731995e+04 
       6.292801003928e-02       1.136504996862e+04 
       6.445219445207e-02       1.117116268482e+04 
       6.615883637982e-02       1.095019650367e+04 
       6.806821557084e-02       1.069531242596e+04 
       7.019430838899e-02       1.039831713088e+04 
       7.253989843048e-02       1.005285221341e+04 
       7.509309108111e-02       9.655822445736e+03 
       7.782776303244e-02       9.210039085560e+03 
       8.070867154377e-02       8.725953497365e+03 
       8.369885060020e-02       8.219350355137e+03 
       8.676568653005e-02       7.710632470103e+03 
       8.988377060720e-02       7.219165247709e+03 
       9.303496433100e-02       6.761682008228e+03 
       9.620706340812e-02       6.350547289641e+03 
       9.939216827806e-02       5.992690690792e+03 
       1.025852903840e-01       5.689992246836e+03 
       1.057833276782e-01       5.439960200390e+03 
       1.089843694334e-01       5.236793355549e+03 
       1.121872454769e-01       5.071949605393e+03 
       1.153912416022e-01       4.935443821761e+03 
       1.185959227259e-01       4.816822730125e+03 
       1.218010240399e-01       4.706110594667e+03 
       1.250063843977e-01       4.594262403559e+03 
       1.282119056876e-01       4.474613878029e+03 
       1.314175281063e-01       4.342719672797e+03 
       1.346232151291e-01       4.197025565224e+03 
       1.378289443781e-01       4.038372457117e+03 
       1.410347020787e-01       3.869887132698e+03 
       1.442404796919e-01       3.695962753001e+03 
       1.474462718706e-01       3.522055194862e+03 
       1.506520752176e-01       3.353289392260e+03 
       1.538578875307e-01       3.194335384889e+03 
       1.570637073438e-01       3.048937771829e+03 
       1.602695336474e-01       2.919428341871e+03 
       1.634753657181e-01       2.806836755613e+03 
       1.666812030144e-01       2.710896216029e+03 
       1.698870451127e-01       2.630162283777e+03 
       1.730928916674e-01       2.562430099840e+03 
       1.762987423870e-01       2.504804707364e+03 
       1.795045970182e-01       2.454129998535e+03 
       1.827104553362e-01       2.407409331113e+03 
       1.859163171382e-01       2.362012535299e+03 
       1.891221822392e-01       2.314927994393e+03 
       1.923280504690e-01       2.264373212246e+03 
       1.955339216701e-01       2.209141422086e+03 
       1.987397956962e-01       2.149203536780e+03 
       2.019456724107e-01       2.085085496957e+03 
       2.051515516863e-01       2.018074549260e+03 
       2.083574334033e-01       1.949775681326e+03 
       2.115633174499e-01       1.881893542074e+03 
       2.147692037208e-01       1.816095589917e+03 
       2.179750921171e-01       1.753624781670e+03 
       2.211809825455e-01       1.695592977136e+03 
       2.243868749185e-01       1.642615324988e+03 
       2.275927691533e-01       1.595008997879e+03 
       2.307986651716e-01       1.552791403416e+03 
       2.340045628998e-01       1.515517126809e+03 
       2.372104622679e-01       1.482602840735e+03 
       2.404163632100e-01       1.453184827152e+03 
       2.436222656636e-01       1.426220192162e+03 
       2.468281695693e-01       1.400682430433e+03 
       2.500340748709e-01       1.375663910798e+03 
       2.532399815151e-01       1.350347479412e+03 
       2.564458894512e-01       1.324208825743e+03 
       2.596517986312e-01       1.296942660415e+03 
       2.628577090091e-01       1.268484029583e+03 
       2.660636205414e-01       1.238874122891e+03 
       2.692695331867e-01       1.208452547301e+03 
       2.724754469054e-01       1.177584090652e+03 
       2.756813616598e-01       1.146817945797e+03 
       2.788872774142e-01       1.116634144618e+03 
       2.820931941341e-01       1.087545707641e+03 
       2.852991117868e-01       1.059970326354e+03 
       2.885050303411e-01       1.034189526776e+03 
       2.917109497671e-01       1.010316243594e+03 
       2.949168700361e-01       9.883594474707e+02 
       2.981227911209e-01       9.681867687444e+02 
       3.013287129953e-01       9.495496132823e+02 
       3.045346356342e-01       9.322062514148e+02 
       3.077405590136e-01       9.158570194902e+02 
       3.109464831105e-01       9.002059424417e+02 
       3.141524079028e-01       8.849683159598e+02 
       3.173583333693e-01       8.698795757293e+02 
       3.205642594896e-01       8.547392257658e+02 
       3.237701862444e-01       8.394054664910e+02 
       3.269761136147e-01       8.237936503761e+02 
       3.301820415827e-01       8.079536248654e+02 
       3.333879701309e-01       7.919596864233e+02 
       3.365938992428e-01       7.759517112161e+02 
       3.397998289022e-01       7.600536393448e+02 
       3.430057590938e-01       7.444384217176e+02 
       3.462116898027e-01       7.292302078435e+02 
       3.494176210146e-01       7.145402653088e+02 
       3.526235527158e-01       7.004595428939e+02 
       3.558294848929e-01       6.870571202253e+02 
       3.590354175331e-01       6.743348954292e+02 
       3.622413506241e-01       6.623080076822e+02 
       3.654472841540e-01       6.509298092994e+02 
       3.686532181113e-01       6.401006488196e+02 
       3.718591524848e-01       6.297258883228e+02 
       3.750650872639e-01       6.196949517107e+02 
       3.782710224381e-01       6.099111152051e+02 
       3.814769579976e-01       6.002840640149e+02 
       3.846828939326e-01       5.907637503656e+02 
       3.878888302338e-01       5.813072256031e+02 
       3.910947668921e-01       5.719028884251e+02 
       3.943007038987e-01       5.625280961148e+02 
       3.975066412453e-01       5.531927154942e+02 
       4.007125789236e-01       5.439170603179e+02 
       4.039185169258e-01       5.347298071590e+02 
       4.071244552440e-01       5.256872239062e+02 
       4.103303938709e-01       5.168150121948e+02 
       4.135363327993e-01       5.081745751993e+02 
       4.167422720222e-01       4.997856936078e+02 
       4.199482115328e-01       4.916622297435e+02 
       4.231541513246e-01       4.838088549784e+02 
       4.263600913911e-01       4.762127216598e+02 
       4.295660317263e-01       4.688768991789e+02 
       4.327719723241e-01       4.617719869781e+02 
       4.359779131787e-01       4.548935243055e+02 
       4.391838542845e-01       4.482205226392e+02 
       4.423897956359e-01       4.417151990174e+02 
       4.455957372277e-01       4.353696780358e+02 
       4.488016790547e-01       4.291356655169e+02 
       4.520076211119e-01       4.229927071080e+02 
       4.552135633943e-01       4.169234842948e+02 
       4.584195058973e-01       4.109222825117e+02 
       4.616254486163e-01       4.049869270409e+02 
       4.648313915467e-01       3.991225844089e+02 
       4.680373346842e-01       3.933343645871e+02 
       4.712432780245e-01       3.876287676836e+02 
       4.744492215636e-01       3.820107593071e+02 
       4.776551652974e-01       3.764886780635e+02 
       4.808611092219e-01       3.710751820075e+02 
       4.840670533335e-01       3.657830555404e+02 
       4.872729976284e-01       3.606181012959e+02 
       4.904789421030e-01       3.555905664619e+02 
       4.936848867537e-01       3.507029894394e+02 
       4.968908315772e-01       3.459391858203e+02 
       5.000967765701e-01       3.412947978274e+02 
       5.033027217293e-01       3.367547813824e+02 
       5.065086670514e-01       3.323165187542e+02 
       5.097146125334e-01       3.279658556861e+02 
       5.129205581724e-01       3.236922180698e+02 
       5.161265039653e-01       3.194942149304e+02 
       5.193324499094e-01       3.153598332466e+02 
       5.225383960018e-01       3.112870249992e+02 
       5.257443422398e-01       3.072682393680e+02 
       5.289502886208e-01       3.033005065105e+02 
       5.321562351421e-01       2.993850522751e+02 
       5.353621818013e-01       2.955263951327e+02 
       5.385681285959e-01       2.917287718114e+02 
       5.417740755234e-01       2.879997644764e+02 
       5.449800225815e-01       2.843395165880e+02 
       5.481859697679e-01       2.807510418129e+02 
       5.513919170804e-01       2.772281117049e+02 
       5.545978645167e-01       2.737719529630e+02 
       5.578038120748e-01       2.703804325128e+02 
       5.610097597525e-01       2.670552655355e+02 
       5.642157075477e-01       2.637962323609e+02 
       5.674216554586e-01       2.606008063282e+02 
       5.706276034831e-01       2.574664989429e+02 
       5.738335516194e-01       2.543928432200e+02 
       5.770394998655e-01       2.513692105914e+02 
       5.802454482196e-01       2.483917625455e+02 
       5.834513966800e-01       2.454604085742e+02 
       5.866573452449e-01       2.425735549076e+02 
       5.898632939126e-01       2.397314838798e+02 
       5.930692426814e-01       2.369340234457e+02 
       5.962751915496e-01       2.341797108204e+02 
       5.994811405158e-01       2.314662922118e+02 
       6.026870895783e-01       2.287918726549e+02 
       6.058930387356e-01       2.261556899507e+02 
       6.090989879861e-01       2.235577979245e+02 
       6.123049373285e-01       2.209999010505e+02 
       6.155108867612e-01       2.184850469404e+02 
       6.187168362830e-01       2.160133404469e+02 
       6.219227858923e-01       2.135848327098e+02 
       6.251287355878e-01       2.111977472451e+02 
       6.283346853683e-01       2.088490819888e+02 
       6.315406352324e-01       2.065375074658e+02 
       6.347465851788e-01       2.042616916157e+02 
       6.379525352063e-01       2.020227634645e+02 
       6.411584853137e-01       1.998196308491e+02 
       6.443644354999e-01       1.976526261520e+02 
       6.475703857635e-01       1.955197055392e+02 
       6.507763361035e-01       1.934184742085e+02 
       6.539822865187e-01       1.913466828199e+02 
       6.571882370081e-01       1.893026541257e+02 
       6.603941875705e-01       1.872863361148e+02 
       6.636001382049e-01       1.852986105782e+02 
       6.668060889103e-01       1.833402153348e+02 
       6.700120396856e-01       1.814114507623e+02 
       6.732179905299e-01       1.795123220012e+02 
       6.764239414421e-01       1.776401873147e+02 
       6.796298924213e-01       1.757938760331e+02 
       6.828358434665e-01       1.739729072865e+02 
       6.860417945768e-01       1.721770864544e+02 
       6.892477457514e-01       1.704085451059e+02 
       6.924536969892e-01       1.686663007443e+02 
       6.956596482895e-01       1.669529918710e+02 
       6.988655996513e-01       1.652623951031e+02 
       7.020715510739e-01       1.635971513640e+02 
       7.052775025564e-01       1.619558349325e+02 
       7.084834540979e-01       1.603363851356e+02 
       7.116894056977e-01       1.587387375637e+02 
       7.148953573551e-01       1.571627651926e+02 
       7.181013090691e-01       1.556095494441e+02 
       7.213072608391e-01       1.540787593067e+02 
       7.245132126643e-01       1.525694454876e+02 
       7.277191645440e-01       1.510803173421e+02 
       7.309251164775e-01       1.496101260017e+02 
       7.341310684640e-01       1.481584471649e+02 
       7.373370205029e-01       1.467253428487e+02 
       7.405429725935e-01       1.453117681698e+02 
       7.437489247351e-01       1.439175203540e+02 
       7.469548769271e-01       1.425430774707e+02 
       7.501608291688e-01       1.411878300139e+02 
       7.533667814595e-01       1.398505296228e+02 
       8.234874627028e-01       1.145259796193e+02 
       9.251239713268e-01       8.794729724128e+01 
       1.086877479463e+00       6.071483211832e+01 
