# Matter power spectrum P(k) at redshift z=0
# for k=1.65667e-05 to 1.19684 h/Mpc,
# number of wavenumbers equal to 619
#    1:k (h/Mpc)              2:P (Mpc/h)^3        
       1.656670200632e-05       1.325562969451e+01 
       3.471341398565e-05       2.708653584060e+01 
       5.299627560692e-05       4.076251630243e+01 
       7.151319480960e-05       5.444779431976e+01 
       9.036543470875e-05       6.825622859724e+01 
       1.096593981035e-04       8.228622008961e+01 
       1.295085244464e-04       9.663178065139e+01 
       1.500353448949e-04       1.113878759423e+02 
       1.713737404094e-04       1.266538495542e+02 
       1.936714457318e-04       1.425361099408e+02 
       2.170928368097e-04       1.591505600029e+02 
       2.418220283292e-04       1.766249832320e+02 
       2.680662878266e-04       1.951015774629e+02 
       2.960597381577e-04       2.147393504824e+02 
       3.260672638692e-04       2.357166576666e+02 
       3.583884503472e-04       2.582338464734e+02 
       3.933612575584e-04       2.825153132550e+02 
       4.313649541780e-04       3.088111031560e+02 
       4.728216110134e-04       3.373974237307e+02 
       5.181951893124e-04       3.685755895149e+02 
       5.679870050081e-04       4.026679955790e+02 
       6.227261970663e-04       4.400111755951e+02 
       6.829539268194e-04       4.809444596398e+02 
       7.492005749060e-04       5.257938309939e+02 
       8.219563409214e-04       5.748521758213e+02 
       9.016373778391e-04       6.283566203570e+02 
       9.885515725766e-04       6.864662633264e+02 
       1.082869602629e-03       7.492440083101e+02 
       1.184607081631e-03       8.166470095038e+02 
       1.293621916429e-03       8.885265893339e+02 
       1.409627731540e-03       9.646396895710e+02 
       1.532220541829e-03       1.044668437503e+03 
       1.660913209199e-03       1.128244258222e+03 
       1.795171479201e-03       1.214973164379e+03 
       1.934446456515e-03       1.304456923621e+03 
       2.078200424090e-03       1.396310173135e+03 
       2.225925002585e-03       1.490143264475e+03 
       2.377152183853e-03       1.585629787695e+03 
       2.531459590185e-03       1.682495640658e+03 
       2.688471537825e-03       1.780479471284e+03 
       2.847857347731e-03       1.879351379592e+03 
       3.009328052356e-03       1.978912200844e+03 
       3.172632327781e-03       2.078988835999e+03 
       3.337552202924e-03       2.179431933342e+03 
       3.503898883951e-03       2.280112292980e+03 
       3.671508880869e-03       2.380919000170e+03 
       3.840240523118e-03       2.481755519863e+03 
       4.009970888583e-03       2.582539008785e+03 
       4.180593134220e-03       2.683197303466e+03 
       4.352014197384e-03       2.783668117463e+03 
       4.524152828605e-03       2.883897114382e+03 
       4.696937914608e-03       2.983837253551e+03 
       4.870307051928e-03       3.083446983812e+03 
       5.044205334903e-03       3.182690798673e+03 
       5.218584325862e-03       3.281536791130e+03 
       5.393401179572e-03       3.379957586269e+03 
       5.568617897975e-03       3.477928496240e+03 
       5.744200694823e-03       3.575428996119e+03 
       5.920119453014e-03       3.672439322250e+03 
       6.096347260142e-03       3.768943537416e+03 
       6.272860010106e-03       3.864926569136e+03 
       6.449636060594e-03       3.960375398161e+03 
       6.626655937890e-03       4.055279018685e+03 
       6.803902081863e-03       4.149627476810e+03 
       6.981358625111e-03       4.243411602740e+03 
       7.159011201232e-03       4.336623304782e+03 
       7.336846777970e-03       4.429255125330e+03 
       7.514853511658e-03       4.521314344649e+03 
       7.693020619943e-03       4.612812268207e+03 
       7.871338270227e-03       4.703677888540e+03 
       8.049797481678e-03       4.793943110495e+03 
       8.228390038946e-03       4.883594278276e+03 
       8.407108416033e-03       4.972640728673e+03 
       8.585945708980e-03       5.061077967569e+03 
       8.764895576214e-03       5.148906566450e+03 
       8.943952185587e-03       5.236123095478e+03 
       9.123110167258e-03       5.322722952768e+03 
       9.302364571699e-03       5.408709903227e+03 
       9.481710832185e-03       5.494079398382e+03 
       9.661144731245e-03       5.578830613460e+03 
       9.840662370588e-03       5.662966069278e+03 
       1.002026014411e-02       5.746482846813e+03 
       1.019993471362e-02       5.829381915006e+03 
       1.037968298697e-02       5.911662391297e+03 
       1.055950209834e-02       5.993326701596e+03 
       1.073938939042e-02       6.074371055474e+03 
       1.091934239827e-02       6.154801336989e+03 
       1.109935883476e-02       6.234618456303e+03 
       1.127943657725e-02       6.313817705022e+03 
       1.145957365561e-02       6.392401713390e+03 
       1.163976824126e-02       6.470369271903e+03 
       1.182001863717e-02       6.547731052256e+03 
       1.200032326880e-02       6.624479521529e+03 
       1.218068067576e-02       6.700621343709e+03 
       1.236108950429e-02       6.776144678047e+03 
       1.254154850026e-02       6.851072937736e+03 
       1.272205650285e-02       6.925396804847e+03 
       1.290261243871e-02       6.999104389382e+03 
       1.308321531664e-02       7.072214426668e+03 
       1.326386422267e-02       7.144724744245e+03 
       1.344455831558e-02       7.216644055069e+03 
       1.362529682271e-02       7.287947603624e+03 
       1.380607903619e-02       7.358673020728e+03 
       1.398690430943e-02       7.428799110722e+03 
       1.416777205387e-02       7.498328564906e+03 
       1.434868173598e-02       7.567280812257e+03 
       1.452963287456e-02       7.635630901367e+03 
       1.471062503819e-02       7.703402145754e+03 
       1.489165784286e-02       7.770594192851e+03 
       1.507273094985e-02       7.837199337437e+03 
       1.525384406371e-02       7.903222456620e+03 
       1.543499693043e-02       7.968672315197e+03 
       1.561618933575e-02       8.033534603563e+03 
       1.579742110357e-02       8.097837114395e+03 
       1.597869209453e-02       8.161559638644e+03 
       1.616000220464e-02       8.224721912793e+03 
       1.634135136409e-02       8.287317349938e+03 
       1.652273953608e-02       8.349342049029e+03 
       1.670416671579e-02       8.410800844631e+03 
       1.688563292942e-02       8.471704783226e+03 
       1.706713823330e-02       8.532051470940e+03 
       1.724868271308e-02       8.591838622114e+03 
       1.743026648300e-02       8.651075040151e+03 
       1.761188968520e-02       8.709764427471e+03 
       1.779355248910e-02       8.767902230148e+03 
       1.797525509083e-02       8.825489977007e+03 
       1.815699771276e-02       8.882537527785e+03 
       1.833878060297e-02       8.939044291640e+03 
       1.852060403491e-02       8.995016492125e+03 
       1.870246830698e-02       9.050448333110e+03 
       1.888437374221e-02       9.105337989249e+03 
       1.906632068800e-02       9.159702959146e+03 
       1.924830951584e-02       9.213536750740e+03 
       1.943034062110e-02       9.266846774432e+03 
       1.961241442286e-02       9.319630041179e+03 
       1.979453136375e-02       9.371883769384e+03 
       1.997669190984e-02       9.423625085140e+03 
       2.015889655056e-02       9.474852057725e+03 
       2.034114579862e-02       9.525557968834e+03 
       2.052344018997e-02       9.575753404436e+03 
       2.070578028385e-02       9.625441813921e+03 
       2.088816666274e-02       9.674624619556e+03 
       2.107059993244e-02       9.723296778032e+03 
       2.125308072215e-02       9.771467543268e+03 
       2.143560968451e-02       9.819146367880e+03 
       2.161818749579e-02       9.866316129512e+03 
       2.180081485595e-02       9.913001896360e+03 
       2.198349248883e-02       9.959186141648e+03 
       2.216622114233e-02       1.000489083879e+04 
       2.234900158860e-02       1.005010090248e+04 
       2.253183462427e-02       1.009482971675e+04 
       2.271472107066e-02       1.013907414794e+04 
       2.289766177405e-02       1.018284077430e+04 
       2.308065760598e-02       1.022613584523e+04 
       2.326370946352e-02       1.026895164298e+04 
       2.344681826958e-02       1.031129431972e+04 
       2.362998497324e-02       1.035317482616e+04 
       2.381321055016e-02       1.039458632877e+04 
       2.399649600285e-02       1.043552931408e+04 
       2.417984236115e-02       1.047601691245e+04 
       2.436325068258e-02       1.051603932683e+04 
       2.454672205281e-02       1.055561081359e+04 
       2.473025758607e-02       1.059472883600e+04 
       2.491385842564e-02       1.063339376491e+04 
       2.509752574429e-02       1.067161190416e+04 
       2.528126074486e-02       1.070938754284e+04 
       2.546506466071e-02       1.074671709418e+04 
       2.564893875629e-02       1.078360615161e+04 
       2.583288432772e-02       1.082006110086e+04 
       2.601690270334e-02       1.085607733395e+04 
       2.620099524432e-02       1.089166272415e+04 
       2.638516334531e-02       1.092681747703e+04 
       2.656940843504e-02       1.096154746667e+04 
       2.675373197703e-02       1.099585508506e+04 
       2.693813547025e-02       1.102973610931e+04 
       2.712262044983e-02       1.106320188821e+04 
       2.730718848783e-02       1.109624701257e+04 
       2.749184119394e-02       1.112888203869e+04 
       2.767658021630e-02       1.116110099001e+04 
       2.786140724228e-02       1.119291619118e+04 
       2.804632399935e-02       1.122432477820e+04 
       2.823133225588e-02       1.125532793245e+04 
       2.841643382206e-02       1.128593425261e+04 
       2.860163055079e-02       1.131613720580e+04 
       2.878692433863e-02       1.134595007057e+04 
       2.897231712674e-02       1.137536158197e+04 
       2.915781090191e-02       1.140439094123e+04 
       2.934340769753e-02       1.143303221082e+04 
       2.952910959470e-02       1.146128272298e+04 
       2.971491872326e-02       1.148915122621e+04 
       2.990083726295e-02       1.151664845383e+04 
       3.008686744454e-02       1.154376164029e+04 
       3.027301155100e-02       1.157049959252e+04 
       3.045927191875e-02       1.159686659471e+04 
       3.064565093889e-02       1.162286591429e+04 
       3.083215105852e-02       1.164849853092e+04 
       3.101877478203e-02       1.167376710103e+04 
       3.120552467252e-02       1.169866895771e+04 
       3.139240335318e-02       1.172321332801e+04 
       3.157941350873e-02       1.174740862908e+04 
       3.176655788699e-02       1.177124751933e+04 
       3.195383930034e-02       1.179472249647e+04 
       3.214126062736e-02       1.181786697396e+04 
       3.232882481445e-02       1.184066021987e+04 
       3.251653487755e-02       1.186310556671e+04 
       3.270439390381e-02       1.188520615780e+04 
       3.289240505349e-02       1.190696874436e+04 
       3.308057156170e-02       1.192840586615e+04 
       3.326889674039e-02       1.194949516123e+04 
       3.345738398026e-02       1.197026500523e+04 
       3.364603675284e-02       1.199070426980e+04 
       3.383485861252e-02       1.201081266106e+04 
       3.402385319876e-02       1.203059914277e+04 
       3.421302423830e-02       1.205006958645e+04 
       3.440237554742e-02       1.206920900664e+04 
       3.459191103438e-02       1.208805034137e+04 
       3.478163470180e-02       1.210656352851e+04 
       3.497155064921e-02       1.212477238685e+04 
       3.516166307567e-02       1.214267329293e+04 
       3.535197628244e-02       1.216026461216e+04 
       3.554249467577e-02       1.217754927594e+04 
       3.573322276979e-02       1.219453885530e+04 
       3.592416518943e-02       1.221122365541e+04 
       3.611532667354e-02       1.222761494063e+04 
       3.630671207803e-02       1.224371213528e+04 
       3.649832637915e-02       1.225952145098e+04 
       3.669017467689e-02       1.227502370117e+04 
       3.688226219849e-02       1.229025758834e+04 
       3.707459430203e-02       1.230518445493e+04 
       3.726717648025e-02       1.231985151448e+04 
       3.746001436436e-02       1.233425335118e+04 
       3.765311372811e-02       1.234832939043e+04 
       3.784648049193e-02       1.236215571226e+04 
       3.804012072726e-02       1.237570700775e+04 
       3.823404066101e-02       1.238898705682e+04 
       3.842824668017e-02       1.240199330718e+04 
       3.862274533664e-02       1.241474619166e+04 
       3.881754335216e-02       1.242721766771e+04 
       3.901264762354e-02       1.243943887027e+04 
       3.920806522792e-02       1.245139469245e+04 
       3.940380342838e-02       1.246308576135e+04 
       3.959986967969e-02       1.247453009036e+04 
       3.979627163428e-02       1.248571726915e+04 
       3.999301714845e-02       1.249665808922e+04 
       4.019011428883e-02       1.250734509024e+04 
       4.038757133907e-02       1.251778050973e+04 
       4.058539680681e-02       1.252798205891e+04 
       4.078359943092e-02       1.253792625635e+04 
       4.098218818901e-02       1.254763528000e+04 
       4.118117230531e-02       1.255710575617e+04 
       4.138056125878e-02       1.256634686730e+04 
       4.158036479158e-02       1.257533543278e+04 
       4.178059291796e-02       1.258409857650e+04 
       4.198125593340e-02       1.259263260729e+04 
       4.218236442425e-02       1.260092952466e+04 
       4.238392927768e-02       1.260900158519e+04 
       4.258596169210e-02       1.261684848590e+04 
       4.278847318807e-02       1.262447497462e+04 
       4.299147561958e-02       1.263187392008e+04 
       4.319498118595e-02       1.263905586188e+04 
       4.339900244411e-02       1.264601261023e+04 
       4.360355232157e-02       1.265276277421e+04 
       4.380864412989e-02       1.265928722207e+04 
       4.401429157877e-02       1.266559971372e+04 
       4.422050879080e-02       1.267171047703e+04 
       4.442731031690e-02       1.267759712755e+04 
       4.463471115246e-02       1.268328520028e+04 
       4.484272675425e-02       1.268875581719e+04 
       4.505137305813e-02       1.269402996998e+04 
       4.526066649761e-02       1.269910660473e+04 
       4.547062402332e-02       1.270396834778e+04 
       4.568126312342e-02       1.270863397582e+04 
       4.589260184501e-02       1.271309540792e+04 
       4.610465881665e-02       1.271736502765e+04 
       4.631745327197e-02       1.272143008436e+04 
       4.653100507448e-02       1.272530565557e+04 
       4.674533474371e-02       1.272898980238e+04 
       4.696046348266e-02       1.273246725025e+04 
       4.717641320670e-02       1.273576406778e+04 
       4.739320657400e-02       1.273886391081e+04 
       4.761086701762e-02       1.274177895581e+04 
       4.782941877930e-02       1.274450607093e+04 
       4.804888694514e-02       1.274703779405e+04 
       4.826929748321e-02       1.274939940441e+04 
       4.849067728330e-02       1.275156073703e+04 
       4.871305419895e-02       1.275354486301e+04 
       4.893645709177e-02       1.275533230613e+04 
       4.916091587848e-02       1.275696377509e+04 
       4.938646158058e-02       1.275839667602e+04 
       4.961312637701e-02       1.275964644366e+04 
       4.984094366003e-02       1.276072828956e+04 
       5.006994809432e-02       1.276162015300e+04 
       5.030017567992e-02       1.276234761604e+04 
       5.053166381889e-02       1.276286023437e+04 
       5.076445138630e-02       1.276322755940e+04 
       5.099857880562e-02       1.276340695395e+04 
       5.123408812912e-02       1.276341034332e+04 
       5.147102312331e-02       1.276323420883e+04 
       5.170942936026e-02       1.276288580467e+04 
       5.194935431484e-02       1.276234729309e+04 
       5.219084746867e-02       1.276165208388e+04 
       5.243396042115e-02       1.276076367270e+04 
       5.267874700831e-02       1.275970599443e+04 
       5.292526342990e-02       1.275846731318e+04 
       5.317356838578e-02       1.275705524744e+04 
       5.342372322201e-02       1.275546476490e+04 
       5.367579208780e-02       1.275368540093e+04 
       5.392984210421e-02       1.275173044547e+04 
       5.418594354547e-02       1.274960264784e+04 
       5.444417003443e-02       1.274729436461e+04 
       5.470459875310e-02       1.274479618514e+04 
       5.496731066992e-02       1.274211323422e+04 
       5.523239078531e-02       1.273925357817e+04 
       5.549992839721e-02       1.273620691314e+04 
       5.577001738868e-02       1.273295822819e+04 
       5.604275653974e-02       1.272953779537e+04 
       5.631824986580e-02       1.272592645729e+04 
       5.659660698568e-02       1.272211584089e+04 
       5.687794352205e-02       1.271809986394e+04 
       5.716238153798e-02       1.271388801830e+04 
       5.745005001339e-02       1.270946247838e+04 
       5.774108536588e-02       1.270487855101e+04 
       5.803563202087e-02       1.270003832099e+04 
       5.833384303679e-02       1.269499287434e+04 
       5.863588079164e-02       1.268975401422e+04 
       5.894191773828e-02       1.268426988694e+04 
       5.925213723668e-02       1.267857461868e+04 
       5.956673447274e-02       1.267265014880e+04 
       5.988591747434e-02       1.266648836419e+04 
       6.020990823734e-02       1.266006410367e+04 
       6.053894397564e-02       1.265339795693e+04 
       6.087327851193e-02       1.264647948136e+04 
       6.121318382828e-02       1.263930693332e+04 
       6.155895179873e-02       1.263184378879e+04 
       6.191089612958e-02       1.262411199990e+04 
       6.226935453761e-02       1.261607977763e+04 
       6.263469120135e-02       1.260773200785e+04 
       6.300729952660e-02       1.259907722070e+04 
       6.338760527508e-02       1.259008095941e+04 
       6.377607011346e-02       1.258074481916e+04 
       6.417319565091e-02       1.257105654139e+04 
       6.457952804632e-02       1.256099075040e+04 
       6.499566328187e-02       1.255052108310e+04 
       6.542225321900e-02       1.253963010629e+04 
       6.586001257637e-02       1.252828317570e+04 
       6.630972699853e-02       1.251647369260e+04 
       6.677226241993e-02       1.250417751601e+04 
       6.724857597369e-02       1.249132004338e+04 
       6.773972875022e-02       1.247791561932e+04 
       6.824690078073e-02       1.246388248347e+04 
       6.877140870845e-02       1.244920561009e+04 
       6.931472672144e-02       1.243379690243e+04 
       6.987851146134e-02       1.241764646187e+04 
       7.046463180095e-02       1.240064657351e+04 
       7.107520461102e-02       1.238270359067e+04 
       7.171263792658e-02       1.236380539042e+04 
       7.237968329238e-02       1.234372229915e+04 
       7.307949953648e-02       1.232244545150e+04 
       7.381573081318e-02       1.229979966318e+04 
       7.459260249467e-02       1.227559325145e+04 
       7.541503939052e-02       1.224965517723e+04 
       7.628881182724e-02       1.222172416179e+04 
       7.722071626249e-02       1.219152880539e+04 
       7.821879814645e-02       1.215870038104e+04 
       7.929262522343e-02       1.212283762595e+04 
       8.045361841084e-02       1.208339716326e+04 
       8.171544282298e-02       1.203971572525e+04 
       8.309444962764e-02       1.199098827029e+04 
       8.461013337391e-02       1.193616582203e+04 
       8.628551789819e-02       1.187397082415e+04 
       8.814729124519e-02       1.180276581005e+04 
       9.022536319802e-02       1.172055642210e+04 
       9.255133397256e-02       1.162498082178e+04 
       9.515524736264e-02       1.151332699266e+04 
       9.806024069527e-02       1.138284134456e+04 
       1.012757095196e-01       1.123121245639e+04 
       1.047913904077e-01       1.105718113934e+04 
       1.085760205221e-01       1.086122589860e+04 
       1.125827181894e-01       1.064584450481e+04 
       1.167589913528e-01       1.041529202543e+04 
       1.210563250267e-01       1.017489756860e+04 
       1.254356432542e-01       9.930312958943e+03 
       1.298684007283e-01       9.686845038100e+03 
       1.343350939392e-01       9.448923066749e+03 
       1.388229732179e-01       9.219906728765e+03 
       1.433239370892e-01       9.001926260248e+03 
       1.478329286728e-01       8.795913617720e+03 
       1.523468261883e-01       8.601702689368e+03 
       1.568637154507e-01       8.418265690382e+03 
       1.613824275263e-01       8.243845053941e+03 
       1.659022503058e-01       8.076385798685e+03 
       1.704227505631e-01       7.913660539416e+03 
       1.749436649075e-01       7.753604704350e+03 
       1.794648332259e-01       7.594494555912e+03 
       1.839861581566e-01       7.435202407904e+03 
       1.885075804508e-01       7.274998809106e+03 
       1.930290640040e-01       7.114015404976e+03 
       1.975505867691e-01       6.952662659032e+03 
       2.020721352390e-01       6.791979336065e+03 
       2.065937010987e-01       6.633137832164e+03 
       2.111152791928e-01       6.477456710573e+03 
       2.156368662913e-01       6.326255689798e+03 
       2.201584603402e-01       6.180592876851e+03 
       2.246800600065e-01       6.041287715719e+03 
       2.292016644009e-01       5.908818655552e+03 
       2.337232729095e-01       5.783267803123e+03 
       2.382448850908e-01       5.664322109356e+03 
       2.427665006129e-01       5.551406517850e+03 
       2.472881192150e-01       5.443738697770e+03 
       2.518097406835e-01       5.340376816535e+03 
       2.563313648373e-01       5.240306038166e+03 
       2.608529915185e-01       5.142621549667e+03 
       2.653746205863e-01       5.046603854105e+03 
       2.698962519137e-01       4.951729220255e+03 
       2.744178853840e-01       4.857433486577e+03 
       2.789395208899e-01       4.763527472697e+03 
       2.834611583318e-01       4.670033795464e+03 
       2.879827976170e-01       4.577239472902e+03 
       2.925044386587e-01       4.485541544531e+03 
       2.970260813759e-01       4.395431222220e+03 
       3.015477256924e-01       4.307431296242e+03 
       3.060693715367e-01       4.222000648234e+03 
       3.105910188414e-01       4.139478761632e+03 
       3.151126675433e-01       4.060076656943e+03 
       3.196343175827e-01       3.983850622928e+03 
       3.241559689030e-01       3.910742452678e+03 
       3.286776214512e-01       3.840593032777e+03 
       3.331992751768e-01       3.773154286312e+03 
       3.377209300323e-01       3.708127916902e+03 
       3.422425859725e-01       3.645170412067e+03 
       3.467642429548e-01       3.583918055125e+03 
       3.512859009387e-01       3.524034501569e+03 
       3.558075598857e-01       3.465196486903e+03 
       3.603292197594e-01       3.407198831390e+03 
       3.648508805250e-01       3.349884297522e+03 
       3.693725421497e-01       3.293195826497e+03 
       3.738942046021e-01       3.237160472572e+03 
       3.784158678523e-01       3.181854929544e+03 
       3.829375318719e-01       3.127394370147e+03 
       3.874591966338e-01       3.073912653988e+03 
       3.919808621122e-01       3.021551847929e+03 
       3.965025282824e-01       2.970436706615e+03 
       4.010241951209e-01       2.920685386071e+03 
       4.055458626052e-01       2.872377713831e+03 
       4.100675307139e-01       2.825559239705e+03 
       4.145891994263e-01       2.780228007817e+03 
       4.191108687229e-01       2.736330014002e+03 
       4.236325385848e-01       2.693772194097e+03 
       4.281542089941e-01       2.652422815070e+03 
       4.326758799335e-01       2.612142282303e+03 
       4.371975513864e-01       2.572790866066e+03 
       4.417192233370e-01       2.534243137622e+03 
       4.462408957701e-01       2.496398272638e+03 
       4.507625686711e-01       2.459175588642e+03 
       4.552842420260e-01       2.422516967562e+03 
       4.598059158214e-01       2.386396432781e+03 
       4.643275900443e-01       2.350792419745e+03 
       4.688492646822e-01       2.315715879863e+03 
       4.733709397233e-01       2.281197453789e+03 
       4.778926151560e-01       2.247279492181e+03 
       4.824142909693e-01       2.214008338636e+03 
       4.869359671525e-01       2.181432051772e+03 
       4.914576436954e-01       2.149588499659e+03 
       4.959793205880e-01       2.118491391995e+03 
       5.005009978209e-01       2.088149804219e+03 
       5.050226753849e-01       2.058543962187e+03 
       5.095443532711e-01       2.029652643370e+03 
       5.140660314710e-01       2.001443543167e+03 
       5.185877099764e-01       1.973879756420e+03 
       5.231093887792e-01       1.946919636893e+03 
       5.276310678718e-01       1.920518915921e+03 
       5.321527472468e-01       1.894630026760e+03 
       5.366744268971e-01       1.869208559765e+03 
       5.411961068156e-01       1.844211717556e+03 
       5.457177869958e-01       1.819613503356e+03 
       5.502394674310e-01       1.795390537097e+03 
       5.547611481151e-01       1.771546735906e+03 
       5.592828290420e-01       1.748084991834e+03 
       5.638045102059e-01       1.725000743880e+03 
       5.683261916010e-01       1.702308683671e+03 
       5.728478732219e-01       1.680016081341e+03 
       5.773695550632e-01       1.658128443684e+03 
       5.818912371197e-01       1.636649025865e+03 
       5.864129193866e-01       1.615583719111e+03 
       5.909346018589e-01       1.594931010630e+03 
       5.954562845319e-01       1.574689661603e+03 
       5.999779674011e-01       1.554852851583e+03 
       6.044996504620e-01       1.535409952814e+03 
       6.090213337104e-01       1.516340079816e+03 
       6.135430171422e-01       1.497625717106e+03 
       6.180647007532e-01       1.479246365597e+03 
       6.225863845395e-01       1.461185083999e+03 
       6.271080684974e-01       1.443426673483e+03 
       6.316297526232e-01       1.425960856535e+03 
       6.361514369132e-01       1.408777885688e+03 
       6.406731213640e-01       1.391870306700e+03 
       6.451948059721e-01       1.375230031718e+03 
       6.497164907344e-01       1.358849012026e+03 
       6.542381756475e-01       1.342722538755e+03 
       6.587598607083e-01       1.326846682247e+03 
       6.632815459139e-01       1.311222829955e+03 
       6.678032312613e-01       1.295851074583e+03 
       6.723249167475e-01       1.280733979815e+03 
       6.768466023699e-01       1.265871314045e+03 
       6.813682881257e-01       1.251258586567e+03 
       6.858899740122e-01       1.236893149296e+03 
       6.904116600269e-01       1.222768686799e+03 
       6.949333461672e-01       1.208880339128e+03 
       6.994550324307e-01       1.195222523342e+03 
       7.039767188151e-01       1.181790574534e+03 
       7.084984053180e-01       1.168579686711e+03 
       7.130200919372e-01       1.155585144692e+03 
       7.175417786703e-01       1.142796983946e+03 
       7.220634655154e-01       1.130207580771e+03 
       7.265851524703e-01       1.117808661153e+03 
       7.311068395329e-01       1.105593635502e+03 
       7.356285267013e-01       1.093557747361e+03 
       7.401502139735e-01       1.081698142907e+03 
       7.446719013477e-01       1.070013391721e+03 
       7.491935888219e-01       1.058501591195e+03 
       7.537152763943e-01       1.047161431439e+03 
       7.582369640633e-01       1.035989022874e+03 
       7.627586518271e-01       1.024982129959e+03 
       7.672803396839e-01       1.014137934176e+03 
       7.718020276322e-01       1.003455539755e+03 
       7.763237156704e-01       9.929336230028e+02 
       7.808454037968e-01       9.825717741964e+02 
       7.853670920100e-01       9.723678078396e+02 
       7.898887803085e-01       9.623182205681e+02 
       7.944104686908e-01       9.524192065033e+02 
       7.989321571555e-01       9.426654411017e+02 
       8.034538457011e-01       9.330523949077e+02 
       8.079755343264e-01       9.235764170747e+02 
       8.124972230299e-01       9.142347161360e+02 
       8.170189118105e-01       9.050257055689e+02 
       8.215406006667e-01       8.959467755898e+02 
       8.260622895974e-01       8.869951005789e+02 
       8.305839786014e-01       8.781686079594e+02 
       8.351056676774e-01       8.694632359499e+02 
       8.396273568243e-01       8.608764307699e+02 
       8.441490460409e-01       8.524063896674e+02 
       8.486707353262e-01       8.440521199769e+02 
       8.531924246790e-01       8.358125827180e+02 
       8.577141140982e-01       8.276869604375e+02 
       8.622358035829e-01       8.196741677620e+02 
       8.667574931319e-01       8.117715995428e+02 
       8.712791827443e-01       8.039771105187e+02 
       8.758008724191e-01       7.962873942560e+02 
       8.803225621554e-01       7.887013125565e+02 
       8.848442519521e-01       7.812166390764e+02 
       8.893659418084e-01       7.738325925611e+02 
       8.938876317234e-01       7.665493901778e+02 
       8.984093216961e-01       7.593627364974e+02 
       9.029310117257e-01       7.522722369286e+02 
       9.074527018114e-01       7.452750872034e+02 
       9.119743919522e-01       7.383675793692e+02 
       9.164960821475e-01       7.315495661346e+02 
       9.210177723964e-01       7.248187480286e+02 
       9.255394626980e-01       7.181756950671e+02 
       9.300611530517e-01       7.116154233842e+02 
       9.345828434566e-01       7.051410683471e+02 
       9.391045339121e-01       6.987502077806e+02 
       9.436262244174e-01       6.924400868895e+02 
       9.481479149718e-01       6.862097189060e+02 
       9.526696055745e-01       6.800572274805e+02 
       9.571912962250e-01       6.739813873397e+02 
       9.617129869224e-01       6.679820338194e+02 
       9.662346776663e-01       6.620584391649e+02 
       9.707563684558e-01       6.562096209896e+02 
       9.752780592905e-01       6.504345067025e+02 
       9.797997501695e-01       6.447312868197e+02 
       9.843214410924e-01       6.390981575618e+02 
       9.888431320586e-01       6.335335832365e+02 
       9.933648230674e-01       6.280364131297e+02 
       9.978865141182e-01       6.226062242258e+02 
       1.002408205211e+00       6.172421036657e+02 
       1.006929896344e+00       6.119434820320e+02 
       1.011451587517e+00       6.067101195601e+02 
       1.015973278731e+00       6.015392407717e+02 
       1.020494969984e+00       5.964297749857e+02 
       1.025016661275e+00       5.913809736568e+02 
       1.029538352605e+00       5.863911899161e+02 
       1.034060043973e+00       5.814594713832e+02 
       1.038581735378e+00       5.765874661586e+02 
       1.043103426819e+00       5.717722009368e+02 
       1.047625118298e+00       5.670146343819e+02 
       1.052146809811e+00       5.623148236375e+02 
       1.056668501361e+00       5.576651862357e+02 
       1.061190192945e+00       5.530726625107e+02 
       1.065711884563e+00       5.485318175906e+02 
       1.070233576216e+00       5.440437120296e+02 
       1.074755267903e+00       5.396071852710e+02 
       1.079276959622e+00       5.352234101147e+02 
       1.083798651374e+00       5.308871327397e+02 
       1.088320343159e+00       5.266026597187e+02 
       1.092842034976e+00       5.223648539778e+02 
       1.097363726824e+00       5.181769475332e+02 
       1.101885418703e+00       5.140347304462e+02 
       1.106407110613e+00       5.099386532551e+02 
       1.110928802554e+00       5.058884947062e+02 
       1.115450494525e+00       5.018839415836e+02 
       1.119972186525e+00       4.979244102782e+02 
       1.124493878555e+00       4.940091601719e+02 
       1.129015570613e+00       4.901368271034e+02 
       1.133537262701e+00       4.863071358425e+02 
       1.138058954816e+00       4.825191834359e+02 
       1.142580646960e+00       4.787715426957e+02 
       1.147102339131e+00       4.750656966850e+02 
       1.151624031329e+00       4.713979957202e+02 
       1.156145723554e+00       4.677725096042e+02 
       1.160667415806e+00       4.641881444114e+02 
       1.165189108085e+00       4.606409571673e+02 
       1.169710800389e+00       4.571321789003e+02 
       1.174232492719e+00       4.536580715495e+02 
       1.178754185075e+00       4.502240901308e+02 
       1.183275877456e+00       4.468243082523e+02 
       1.187797569861e+00       4.434619600541e+02 
       1.192319262291e+00       4.401355637129e+02 
       1.196840954746e+00       4.368436676800e+02 
