# Matter power spectrum P(k) at redshift z=0
# for k=1.0245e-05 to 1.08312 h/Mpc,
# number of wavenumbers equal to 607
#    1:k (h/Mpc)              2:P (Mpc/h)^3        
       1.024503083247e-05       5.357125051565e+01 
       2.268869477489e-05       1.154783009170e+02 
       3.517357783410e-05       1.763740005015e+02 
       4.773102574372e-05       2.368673777479e+02 
       6.039287144965e-05       2.973068361520e+02 
       7.319170007846e-05       3.579537607225e+02 
       8.616112187459e-05       4.190316684530e+02 
       9.933605651079e-05       4.807461516393e+02 
       1.127530322033e-04       5.432951985206e+02 
       1.264505030938e-04       6.068753395502e+02 
       1.404691883741e-04       6.716858854204e+02 
       1.548524366025e-04       7.379322427504e+02 
       1.696466185587e-04       8.058285652964e+02 
       1.849015517535e-04       8.756003600781e+02 
       2.006709592988e-04       9.474867810370e+02 
       2.170129651514e-04       1.021742987701e+03 
       2.339906266785e-04       1.098642449473e+03 
       2.516725038949e-04       1.178479305278e+03 
       2.701332624280e-04       1.261570752339e+03 
       2.894543040479e-04       1.348259298746e+03 
       3.097244142086e-04       1.438915250484e+03 
       3.310404101923e-04       1.533938604428e+03 
       3.535077658495e-04       1.633761116984e+03 
       3.772411793256e-04       1.738847662633e+03 
       4.023650384381e-04       1.849697062871e+03 
       4.290137246276e-04       1.966842051932e+03 
       4.573316811732e-04       2.090847855016e+03 
       4.874731558100e-04       2.222309081936e+03 
       5.196015140879e-04       2.361845199528e+03 
       5.538880109562e-04       2.510092495741e+03 
       5.905099085851e-04       2.667693966046e+03 
       6.296478437817e-04       2.835285620742e+03 
       6.714823842233e-04       3.013479689773e+03 
       7.161897736418e-04       3.202844364136e+03 
       7.639369531672e-04       3.403881483652e+03 
       8.148760544664e-04       3.617002420935e+03 
       8.691386772312e-04       3.842504159865e+03 
       9.268303678852e-04       4.080546825211e+03 
       9.880257816940e-04       4.331137239784e+03 
       1.052765011694e-03       4.594116035229e+03 
       1.121051490111e-03       4.869154596234e+03 
       1.192851714447e-03       5.155760100765e+03 
       1.268096845145e-03       5.453288928854e+03 
       1.346686004647e-03       5.760968018811e+03 
       1.428490922860e-03       6.077920039572e+03 
       1.513361456247e-03       6.403194382664e+03 
       1.601131472476e-03       6.735792259184e+03 
       1.691624633930e-03       7.074675858128e+03 
       1.784659709441e-03       7.418862318058e+03 
       1.880055165840e-03       7.767370927757e+03 
       1.977632912926e-03       8.119263585031e+03 
       2.077221178837e-03       8.473656155083e+03 
       2.178656568438e-03       8.829725951844e+03 
       2.281785404156e-03       9.186715763251e+03 
       2.386464470673e-03       9.543935546432e+03 
       2.492561288304e-03       9.900759563895e+03 
       2.599954031293e-03       1.025662726186e+04 
       2.708531192080e-03       1.061103718119e+04 
       2.818191074951e-03       1.096354313231e+04 
       2.928841185012e-03       1.131375180988e+04 
       3.040397562631e-03       1.166131642813e+04 
       3.152784100125e-03       1.200593329485e+04 
       3.265931866535e-03       1.234733709403e+04 
       3.379778457864e-03       1.268529709176e+04 
       3.494267383654e-03       1.301961274040e+04 
       3.609347496032e-03       1.335011452434e+04 
       3.724972463953e-03       1.367665251871e+04 
       3.841100292968e-03       1.399910430457e+04 
       3.957692889330e-03       1.431735990950e+04 
       4.074715666193e-03       1.463133485421e+04 
       4.192137189133e-03       1.494095634659e+04 
       4.309928857902e-03       1.524616431917e+04 
       4.428064621289e-03       1.554691389458e+04 
       4.546520721960e-03       1.584316906483e+04 
       4.665275468346e-03       1.613487653538e+04 
       4.784309030805e-03       1.642204374523e+04 
       4.903603259496e-03       1.670469054539e+04 
       5.023141521639e-03       1.698277593517e+04 
       5.142908556060e-03       1.725629373088e+04 
       5.262890343102e-03       1.752537616335e+04 
       5.383073988225e-03       1.778991445743e+04 
       5.503447617759e-03       1.804992298392e+04 
       5.624000285469e-03       1.830474280350e+04 
       5.744721888729e-03       1.855576967544e+04 
       5.865603093251e-03       1.880204660496e+04 
       5.986635265409e-03       1.904428110482e+04 
       6.107810411344e-03       1.928208162579e+04 
       6.229121122094e-03       1.951537120594e+04 
       6.350560524111e-03       1.974455236543e+04 
       6.472122234576e-03       1.996959500120e+04 
       6.593800321001e-03       2.019058092126e+04 
       6.715589264672e-03       2.040713393020e+04 
       6.837483927520e-03       2.061930277874e+04 
       6.959479522074e-03       2.082771897855e+04 
       7.081571584168e-03       2.103193775741e+04 
       7.203755948129e-03       2.123202959274e+04 
       7.326028724196e-03       2.142814522766e+04 
       7.448386277945e-03       2.162019272135e+04 
       7.570825211510e-03       2.180846516234e+04 
       7.693342346453e-03       2.199263665929e+04 
       7.815934708091e-03       2.217316476045e+04 
       7.938599511160e-03       2.234978230445e+04 
       8.061334146686e-03       2.252361534197e+04 
       8.184136169944e-03       2.269284897385e+04 
       8.307003289409e-03       2.285845404156e+04 
       8.429933356609e-03       2.302039862394e+04 
       8.552924356790e-03       2.317879959575e+04 
       8.675974400331e-03       2.333363729877e+04 
       8.799081714834e-03       2.348503822535e+04 
       8.922244637835e-03       2.363289277432e+04 
       9.045461610076e-03       2.377728272109e+04 
       9.168731169294e-03       2.391744630592e+04 
       9.292051944487e-03       2.405605281694e+04 
       9.415422650605e-03       2.419050679527e+04 
       9.538842083643e-03       2.432168071101e+04 
       9.662309116096e-03       2.444956522493e+04 
       9.785822692744e-03       2.457430813271e+04 
       9.909381826753e-03       2.469587799052e+04 
       1.003298559605e-02       2.481437711968e+04 
       1.015663313996e-02       2.492969133352e+04 
       1.028032365611e-02       2.504213651356e+04 
       1.040405639747e-02       2.515160415471e+04 
       1.052783066973e-02       2.525696909990e+04 
       1.065164582874e-02       2.536145709657e+04 
       1.077550127823e-02       2.546192515988e+04 
       1.089939646759e-02       2.555877293854e+04 
       1.102333088988e-02       2.565369178596e+04 
       1.114730407998e-02       2.574548689134e+04 
       1.127131561277e-02       2.583601371320e+04 
       1.139536510158e-02       2.592239641439e+04 
       1.151945219664e-02       2.600641646830e+04 
       1.164357658366e-02       2.608756557882e+04 
       1.176773798255e-02       2.616632027911e+04 
       1.189193614617e-02       2.624228627904e+04 
       1.201617085920e-02       2.631574713471e+04 
       1.214044193712e-02       2.638678510942e+04 
       1.226474922516e-02       2.645514745397e+04 
       1.238909259746e-02       2.652119433992e+04 
       1.251347195618e-02       2.658470937988e+04 
       1.263788723072e-02       2.664589353317e+04 
       1.276233837702e-02       2.670389700976e+04 
       1.288682537686e-02       2.676103169905e+04 
       1.301134823724e-02       2.681507542870e+04 
       1.313590698985e-02       2.686687475179e+04 
       1.326050169046e-02       2.691528516617e+04 
       1.338513241853e-02       2.696385026311e+04 
       1.350979927672e-02       2.700904058687e+04 
       1.363450239048e-02       2.705087174265e+04 
       1.375924190769e-02       2.709167613309e+04 
       1.388401799836e-02       2.713130901359e+04 
       1.400883085428e-02       2.716793734084e+04 
       1.413368068880e-02       2.720251984670e+04 
       1.425856773656e-02       2.723383614231e+04 
       1.438349225330e-02       2.726552023536e+04 
       1.450845451569e-02       2.729317635109e+04 
       1.463345482113e-02       2.731938023463e+04 
       1.475849348770e-02       2.734513657737e+04 
       1.488357085398e-02       2.736729026404e+04 
       1.500868727902e-02       2.738809260471e+04 
       1.513384314226e-02       2.740685966600e+04 
       1.525903884352e-02       2.742478527719e+04 
       1.538427480295e-02       2.744018796684e+04 
       1.550955146108e-02       2.745378772034e+04 
       1.563486927880e-02       2.746557836433e+04 
       1.576022873747e-02       2.747447900217e+04 
       1.588563033891e-02       2.748285317273e+04 
       1.601107460557e-02       2.749051334635e+04 
       1.613656208056e-02       2.749559303691e+04 
       1.626209332781e-02       2.749894631251e+04 
       1.638766893220e-02       2.749970829726e+04 
       1.651328949974e-02       2.749990213134e+04 
       1.663895565769e-02       2.749851992309e+04 
       1.676466805481e-02       2.749545336847e+04 
       1.689042736152e-02       2.749102549244e+04 
       1.701623427017e-02       2.748501520994e+04 
       1.714208949524e-02       2.747859906092e+04 
       1.726799377363e-02       2.746861712735e+04 
       1.739394786489e-02       2.745885273147e+04 
       1.751995255157e-02       2.744751360983e+04 
       1.764600863949e-02       2.743340622660e+04 
       1.777211695805e-02       2.741883569786e+04 
       1.789827836061e-02       2.740312335129e+04 
       1.802449372481e-02       2.738598635342e+04 
       1.815076395298e-02       2.736719617352e+04 
       1.827708997248e-02       2.734834872904e+04 
       1.840347273615e-02       2.732724915120e+04 
       1.852991322271e-02       2.730495225517e+04 
       1.865641243723e-02       2.728028071241e+04 
       1.878297141156e-02       2.725534658484e+04 
       1.890959120479e-02       2.722968561224e+04 
       1.903627290381e-02       2.720336741994e+04 
       1.916301762375e-02       2.717392810585e+04 
       1.928982650858e-02       2.714454272344e+04 
       1.941670073159e-02       2.711489003626e+04 
       1.954364149602e-02       2.708228235714e+04 
       1.967065003563e-02       2.704958506213e+04 
       1.979772761529e-02       2.701649596536e+04 
       1.992487553165e-02       2.698152088899e+04 
       2.005209511375e-02       2.694505638464e+04 
       2.017938772372e-02       2.690829556935e+04 
       2.030675475750e-02       2.686989115319e+04 
       2.043419764548e-02       2.683154359401e+04 
       2.056171785334e-02       2.679109102245e+04 
       2.068931688273e-02       2.675058101421e+04 
       2.081699627213e-02       2.670855052023e+04 
       2.094475759762e-02       2.666687701199e+04 
       2.107260247374e-02       2.662332171823e+04 
       2.120053255434e-02       2.657898980207e+04 
       2.132854953351e-02       2.653296281129e+04 
       2.145665514648e-02       2.648756195254e+04 
       2.158485117058e-02       2.644064960816e+04 
       2.171313942621e-02       2.639247493293e+04 
       2.184152177788e-02       2.634433841799e+04 
       2.197000013522e-02       2.629475576472e+04 
       2.209857645409e-02       2.624495891915e+04 
       2.222725273770e-02       2.619353202360e+04 
       2.235603103772e-02       2.614237762631e+04 
       2.248491345547e-02       2.608973523508e+04 
       2.261390214319e-02       2.603671657535e+04 
       2.274299930524e-02       2.598357521353e+04 
       2.287220719943e-02       2.592862543618e+04 
       2.300152813836e-02       2.587404673718e+04 
       2.313096449080e-02       2.581796387202e+04 
       2.326051868311e-02       2.576235097424e+04 
       2.339019320074e-02       2.570477845307e+04 
       2.351999058970e-02       2.564785530859e+04 
       2.364991345821e-02       2.558970370449e+04 
       2.377996447825e-02       2.553044804771e+04 
       2.391014638727e-02       2.547162859510e+04 
       2.404046198991e-02       2.541137087768e+04 
       2.417091415978e-02       2.535162162245e+04 
       2.430150584134e-02       2.529063967094e+04 
       2.443224005176e-02       2.522866326510e+04 
       2.456311988293e-02       2.516686442362e+04 
       2.469414850346e-02       2.510480054470e+04 
       2.482532916084e-02       2.504149696810e+04 
       2.495666518354e-02       2.497860646103e+04 
       2.508815998335e-02       2.491475606217e+04 
       2.521981705763e-02       2.485054148568e+04 
       2.535163999180e-02       2.478594624612e+04 
       2.548363246174e-02       2.472034984197e+04 
       2.561579823646e-02       2.465487541491e+04 
       2.574814118071e-02       2.458940412376e+04 
       2.588066525778e-02       2.452273215570e+04 
       2.601337453234e-02       2.445633370290e+04 
       2.614627317344e-02       2.438935440486e+04 
       2.627936545756e-02       2.432188992717e+04 
       2.641265577179e-02       2.425383704099e+04 
       2.654614861716e-02       2.418599840607e+04 
       2.667984861207e-02       2.411771579027e+04 
       2.681376049578e-02       2.404858945425e+04 
       2.694788913219e-02       2.397976387648e+04 
       2.708223951358e-02       2.391042917650e+04 
       2.721681676462e-02       2.384088357444e+04 
       2.735162614650e-02       2.377101045000e+04 
       2.748667306119e-02       2.370053927566e+04 
       2.762196305588e-02       2.363012415987e+04 
       2.775750182763e-02       2.355953509788e+04 
       2.789329522814e-02       2.348849810886e+04 
       2.802934926876e-02       2.341745853773e+04 
       2.816567012567e-02       2.334608982028e+04 
       2.830226414531e-02       2.327451211603e+04 
       2.843913784996e-02       2.320264515240e+04 
       2.857629794364e-02       2.313061422803e+04 
       2.871375131814e-02       2.305838442946e+04 
       2.885150505945e-02       2.298593208638e+04 
       2.898956645429e-02       2.291340039789e+04 
       2.912794299709e-02       2.284056145979e+04 
       2.926664239709e-02       2.276753252163e+04 
       2.940567258593e-02       2.269458759903e+04 
       2.954504172540e-02       2.262133388760e+04 
       2.968475821565e-02       2.254778031544e+04 
       2.982483070373e-02       2.247417680430e+04 
       2.996526809247e-02       2.240050513026e+04 
       3.010607954980e-02       2.232655598207e+04 
       3.024727451851e-02       2.225268806975e+04 
       3.038886272641e-02       2.217850939439e+04 
       3.053085419701e-02       2.210437969495e+04 
       3.067325926062e-02       2.203024926402e+04 
       3.081608856610e-02       2.195584543747e+04 
       3.095935309305e-02       2.188127508012e+04 
       3.110306416463e-02       2.180684956527e+04 
       3.124723346103e-02       2.173210674437e+04 
       3.139187303357e-02       2.165725742924e+04 
       3.153699531948e-02       2.158255956178e+04 
       3.168261315747e-02       2.150762546068e+04 
       3.182873980403e-02       2.143253580110e+04 
       3.197538895063e-02       2.135739430393e+04 
       3.212257474172e-02       2.128244859356e+04 
       3.227031179374e-02       2.120734657395e+04 
       3.241861521508e-02       2.113217733788e+04 
       3.256750062715e-02       2.105662175417e+04 
       3.271698418655e-02       2.098133146814e+04 
       3.286708260840e-02       2.090591439143e+04 
       3.301781319108e-02       2.083067284679e+04 
       3.316919384217e-02       2.075505279442e+04 
       3.332124310600e-02       2.067958366238e+04 
       3.347398019268e-02       2.060425283770e+04 
       3.362742500878e-02       2.052843655257e+04 
       3.378159818986e-02       2.045301490280e+04 
       3.393652113484e-02       2.037723798388e+04 
       3.409221604245e-02       2.030166963478e+04 
       3.424870594986e-02       2.022586586205e+04 
       3.440601477364e-02       2.015005931289e+04 
       3.456416735325e-02       2.007438423970e+04 
       3.472318949723e-02       1.999856239523e+04 
       3.488310803233e-02       1.992288092520e+04 
       3.504395085570e-02       1.984680385731e+04 
       3.520574699057e-02       1.977115591453e+04 
       3.536852664539e-02       1.969507274084e+04 
       3.553232127709e-02       1.961908374617e+04 
       3.569716365844e-02       1.954315044229e+04 
       3.586308795002e-02       1.946708751208e+04 
       3.603012977717e-02       1.939125215644e+04 
       3.619832631232e-02       1.931506569051e+04 
       3.636771636307e-02       1.923881856698e+04 
       3.653834046667e-02       1.916269631574e+04 
       3.671024099134e-02       1.908647809363e+04 
       3.688346224501e-02       1.901023585455e+04 
       3.705805059230e-02       1.893394821999e+04 
       3.723405458025e-02       1.885780551196e+04 
       3.741152507383e-02       1.878136054653e+04 
       3.759051540202e-02       1.870483171858e+04 
       3.777108151540e-02       1.862807409258e+04 
       3.795328215656e-02       1.855140982179e+04 
       3.813717904432e-02       1.847503398342e+04 
       3.832283707334e-02       1.839802193894e+04 
       3.851032453058e-02       1.832097228596e+04 
       3.869971333022e-02       1.824400158726e+04 
       3.889107926925e-02       1.816718880615e+04 
       3.908450230551e-02       1.808960666539e+04 
       3.928006686096e-02       1.801232340710e+04 
       3.947786215267e-02       1.793487396571e+04 
       3.967798255474e-02       1.785715349697e+04 
       3.988052799456e-02       1.777932170130e+04 
       4.008560438743e-02       1.770138117983e+04 
       4.029332411392e-02       1.762328639642e+04 
       4.050380654516e-02       1.754484990216e+04 
       4.071717862179e-02       1.746662737116e+04 
       4.093357549325e-02       1.738797959426e+04 
       4.115314122499e-02       1.730903682838e+04 
       4.137602958226e-02       1.722926088970e+04 
       4.160240490061e-02       1.714976580171e+04 
       4.183244305460e-02       1.706984570852e+04 
       4.206633253817e-02       1.698968769538e+04 
       4.230427567206e-02       1.690918611696e+04 
       4.254648995660e-02       1.682826536754e+04 
       4.279320959067e-02       1.674719621507e+04 
       4.304468718175e-02       1.666554141159e+04 
       4.330119567586e-02       1.658344027629e+04 
       4.356303054166e-02       1.650059581414e+04 
       4.383051224892e-02       1.641768020588e+04 
       4.410398908933e-02       1.633353969604e+04 
       4.438384039657e-02       1.624918606128e+04 
       4.467048023358e-02       1.616425332584e+04 
       4.496436162884e-02       1.607858700662e+04 
       4.526598145978e-02       1.599228175192e+04 
       4.557588610221e-02       1.590471401093e+04 
       4.589467798985e-02       1.581662777775e+04 
       4.622302326003e-02       1.572743849062e+04 
       4.656166070050e-02       1.563707644804e+04 
       4.691141226228e-02       1.554529417923e+04 
       4.727319546541e-02       1.545283494022e+04 
       4.764803810290e-02       1.535908110387e+04 
       4.803709574822e-02       1.526315420637e+04 
       4.844167269775e-02       1.516626445653e+04 
       4.886324714116e-02       1.506678564552e+04 
       4.930350155807e-02       1.496612771158e+04 
       4.976435960130e-02       1.486265211029e+04 
       5.024803105922e-02       1.475731874704e+04 
       5.075706690893e-02       1.464844895925e+04 
       5.129442699262e-02       1.453699505791e+04 
       5.186356348225e-02       1.442159779798e+04 
       5.246852403192e-02       1.430189590674e+04 
       5.311407930234e-02       1.417797246425e+04 
       5.380588022620e-02       1.404791481952e+04 
       5.455065062194e-02       1.391199201174e+04 
       5.535641981574e-02       1.376849946966e+04 
       5.623279631284e-02       1.361586898267e+04 
       5.719127444122e-02       1.345203881419e+04 
       5.824554620880e-02       1.327533748114e+04 
       5.941175215990e-02       1.308273588752e+04 
       6.070853683368e-02       1.287005385607e+04 
       6.215666874472e-02       1.263245457495e+04 
       6.377785784979e-02       1.236416172321e+04 
       6.559234232677e-02       1.205839394180e+04 
       6.761503437781e-02       1.171034436590e+04 
       6.985078867368e-02       1.131427654824e+04 
       7.229061044493e-02       1.087013235876e+04 
       7.491131301334e-02       1.038310310016e+04 
       7.767978119757e-02       9.865219195967e+03 
       8.056001137919e-02       9.333371974767e+03 
       8.351941364559e-02       8.805326843432e+03 
       8.653212741458e-02       8.299667616285e+03 
       8.957945569004e-02       7.830397267073e+03 
       9.264871148354e-02       7.407519094415e+03 
       9.573163775414e-02       7.035577697570e+03 
       9.882300213281e-02       6.714853549917e+03 
       1.019195439440e-01       6.441718849807e+03 
       1.050192520804e-01       6.209709859533e+03 
       1.081208938889e-01       6.010067205480e+03 
       1.112237166535e-01       5.833747697921e+03 
       1.143272616925e-01       5.671340459273e+03 
       1.174312497836e-01       5.514510534561e+03 
       1.205355109904e-01       5.356176487473e+03 
       1.236399418436e-01       5.191995223742e+03 
       1.267444792729e-01       5.018993853056e+03 
       1.298490847581e-01       4.837099222316e+03 
       1.329537346999e-01       4.648617335332e+03 
       1.360584145724e-01       4.456737521413e+03 
       1.391631153725e-01       4.265743028886e+03 
       1.422678314632e-01       4.079808576912e+03 
       1.453725592640e-01       3.903151894517e+03 
       1.484772964551e-01       3.739036956981e+03 
       1.515820414927e-01       3.589789836556e+03 
       1.546867933148e-01       3.456353622273e+03 
       1.577915511608e-01       3.338595985946e+03 
       1.608963144619e-01       3.235475171669e+03 
       1.640010827736e-01       3.145006904447e+03 
       1.671058557336e-01       3.064734560558e+03 
       1.702106330365e-01       2.991880064283e+03 
       1.733154144172e-01       2.923642807256e+03 
       1.764201996404e-01       2.857449134273e+03 
       1.795249884940e-01       2.791303934891e+03 
       1.826297807847e-01       2.723684618330e+03 
       1.857345763345e-01       2.653703490924e+03 
       1.888393749791e-01       2.581025406682e+03 
       1.919441765654e-01       2.506084142013e+03 
       1.950489809510e-01       2.429531703729e+03 
       1.981537880027e-01       2.352822858299e+03 
       2.012585975958e-01       2.277141531237e+03 
       2.043634096135e-01       2.203908599393e+03 
       2.074682239460e-01       2.134448076104e+03 
       2.105730404900e-01       2.069470333041e+03 
       2.136778591484e-01       2.009371784569e+03 
       2.167826798297e-01       1.954264198824e+03 
       2.198875024476e-01       1.903858872441e+03 
       2.229923269206e-01       1.857784110563e+03 
       2.260971531717e-01       1.815302836318e+03 
       2.292019811283e-01       1.775847898554e+03 
       2.323068107214e-01       1.738736576265e+03 
       2.354116418860e-01       1.703062406524e+03 
       2.385164745602e-01       1.668297679645e+03 
       2.416213086854e-01       1.633896278894e+03 
       2.447261442062e-01       1.599245165134e+03 
       2.478309810696e-01       1.564189916466e+03 
       2.509358192257e-01       1.528768497102e+03 
       2.540406586266e-01       1.493029520945e+03 
       2.571454992271e-01       1.457215228556e+03 
       2.602503409839e-01       1.421767350058e+03 
       2.633551838559e-01       1.387032053063e+03 
       2.664600278039e-01       1.353247387828e+03 
       2.695648727905e-01       1.320694941985e+03 
       2.726697187800e-01       1.289635856999e+03 
       2.757745657384e-01       1.260167985014e+03 
       2.788794136331e-01       1.232447304184e+03 
       2.819842624330e-01       1.206317797317e+03 
       2.850891121085e-01       1.181778212536e+03 
       2.881939626309e-01       1.158639631660e+03 
       2.912988139732e-01       1.136546063337e+03 
       2.944036661092e-01       1.115354828206e+03 
       2.975085190140e-01       1.094774017992e+03 
       3.006133726636e-01       1.074545042314e+03 
       3.037182270350e-01       1.054609221138e+03 
       3.068230821063e-01       1.034854557768e+03 
       3.099279378562e-01       1.015232279202e+03 
       3.130327942646e-01       9.957805829292e+02 
       3.161376513119e-01       9.764247790244e+02 
       3.192425089794e-01       9.572913953226e+02 
       3.223473672490e-01       9.384520592160e+02 
       3.254522261035e-01       9.199368721681e+02 
       3.285570855261e-01       9.018823837866e+02 
       3.316619455010e-01       8.843487656179e+02 
       3.347668060126e-01       8.674489708820e+02 
       3.378716670460e-01       8.512009303057e+02 
       3.409765285870e-01       8.355917996505e+02 
       3.440813906217e-01       8.206008726538e+02 
       3.471862531369e-01       8.061651776079e+02 
       3.502911161196e-01       7.922551426622e+02 
       3.533959795576e-01       7.788019064020e+02 
       3.565008434389e-01       7.657375057938e+02 
       3.596057077519e-01       7.530114718330e+02 
       3.627105724856e-01       7.405447753257e+02 
       3.658154376291e-01       7.283579882141e+02 
       3.689203031720e-01       7.163208085212e+02 
       3.720251691044e-01       7.044437843435e+02 
       3.751300354165e-01       6.927121912645e+02 
       3.782349020990e-01       6.811196256541e+02 
       3.813397691427e-01       6.697507574501e+02 
       3.844446365388e-01       6.585832912987e+02 
       3.875495042789e-01       6.476461956001e+02 
       3.906543723547e-01       6.369561530633e+02 
       3.937592407583e-01       6.265716613761e+02 
       3.968641094819e-01       6.164309234219e+02 
       3.999689785180e-01       6.065503579620e+02 
       4.030738478594e-01       5.969240763953e+02 
       4.061787174991e-01       5.875912458293e+02 
       4.092835874302e-01       5.784834592070e+02 
       4.123884576462e-01       5.696475480108e+02 
       4.154933281406e-01       5.610221899250e+02 
       4.185981989073e-01       5.525970028129e+02 
       4.217030699401e-01       5.443484693070e+02 
       4.248079412332e-01       5.362592180322e+02 
       4.279128127810e-01       5.283196989996e+02 
       4.310176845778e-01       5.205267024031e+02 
       4.341225566185e-01       5.128791844254e+02 
       4.372274288976e-01       5.053759599036e+02 
       4.403323014103e-01       4.980120132491e+02 
       4.434371741515e-01       4.907706517448e+02 
       4.465420471164e-01       4.836630318041e+02 
       4.496469203005e-01       4.766815417680e+02 
       4.527517936992e-01       4.698284262113e+02 
       4.558566673080e-01       4.631153489206e+02 
       4.589615411228e-01       4.565287610804e+02 
       4.620664151394e-01       4.500888957567e+02 
       4.651712893536e-01       4.437786757622e+02 
       4.682761637616e-01       4.376195729116e+02 
       4.713810383594e-01       4.315867783677e+02 
       4.744859131435e-01       4.256807556897e+02 
       4.775907881101e-01       4.198926049608e+02 
       4.806956632556e-01       4.142222556353e+02 
       4.838005385767e-01       4.086672543339e+02 
       4.869054140700e-01       4.032253034378e+02 
       4.900102897321e-01       3.978889732471e+02 
       4.931151655598e-01       3.926499085926e+02 
       4.962200415502e-01       3.874992644793e+02 
       4.993249177000e-01       3.824297786494e+02 
       5.024297940064e-01       3.774392383013e+02 
       5.055346704664e-01       3.725267259489e+02 
       5.086395470773e-01       3.676991982135e+02 
       5.117444238362e-01       3.629579276955e+02 
       5.148493007405e-01       3.583055034798e+02 
       5.179541777876e-01       3.537365344327e+02 
       5.210590549749e-01       3.492496662210e+02 
       5.241639322999e-01       3.448419059193e+02 
       5.272688097601e-01       3.405119691505e+02 
       5.303736873533e-01       3.362597645003e+02 
       5.334785650770e-01       3.320867597253e+02 
       5.365834429290e-01       3.279928468805e+02 
       5.396883209070e-01       3.239759277993e+02 
       5.427931990089e-01       3.200318214794e+02 
       5.458980772327e-01       3.161547819450e+02 
       5.490029555761e-01       3.123403365411e+02 
       5.521078340372e-01       3.085853832811e+02 
       5.552127126139e-01       3.048900659234e+02 
       5.583175913045e-01       3.012548717199e+02 
       5.614224701069e-01       2.976814426540e+02 
       5.645273490194e-01       2.941689735521e+02 
       5.676322280400e-01       2.907152065013e+02 
       5.707371071671e-01       2.873167999255e+02 
       5.738419863989e-01       2.839707019347e+02 
       5.769468657337e-01       2.806752827158e+02 
       5.800517451698e-01       2.774305524580e+02 
       5.831566247057e-01       2.742377248491e+02 
       5.862615043397e-01       2.710982020036e+02 
       5.893663840703e-01       2.680123913117e+02 
       5.924712638960e-01       2.649780027584e+02 
       5.955761438152e-01       2.619927558426e+02 
       5.986810238265e-01       2.590530941354e+02 
       6.017859039286e-01       2.561577235320e+02 
       6.048907841199e-01       2.533062284657e+02 
       6.079956643991e-01       2.504991995629e+02 
       6.111005447649e-01       2.477376638422e+02 
       6.142054252159e-01       2.450212424676e+02 
       6.173103057509e-01       2.423482506287e+02 
       6.204151863686e-01       2.397159796061e+02 
       6.235200670677e-01       2.371218827432e+02 
       6.266249478471e-01       2.345639463746e+02 
       6.297298287056e-01       2.320421066467e+02 
       6.328347096420e-01       2.295571336884e+02 
       6.359395906550e-01       2.271100568416e+02 
       6.390444717438e-01       2.247012108266e+02 
       6.421493529070e-01       2.223296470938e+02 
       6.452542341437e-01       2.199935230529e+02 
       6.483591154528e-01       2.176906896294e+02 
       6.514639968332e-01       2.154192949306e+02 
       6.545688782840e-01       2.131798630858e+02 
       6.576737598041e-01       2.109725133120e+02 
       6.607786413925e-01       2.087981331864e+02 
       6.638835230483e-01       2.066570161396e+02 
       6.669884047706e-01       2.045483580038e+02 
       6.700932865585e-01       2.024704663591e+02 
       6.731981684109e-01       2.004212955808e+02 
       6.763030503271e-01       1.983995270029e+02 
       6.794079323061e-01       1.964047132387e+02 
       6.825128143471e-01       1.944370917110e+02 
       6.856176964492e-01       1.924975216779e+02 
       6.887225786117e-01       1.905864464526e+02 
       6.918274608336e-01       1.887032284675e+02 
       6.949323431143e-01       1.868465838427e+02 
       6.980372254529e-01       1.850149765859e+02 
       7.011421078486e-01       1.832066704622e+02 
       7.042469903007e-01       1.814214952424e+02 
       7.073518728085e-01       1.796598354017e+02 
       7.104567553712e-01       1.779224006813e+02 
       7.135616379880e-01       1.762096231857e+02 
       7.166665206584e-01       1.745214026293e+02 
       7.197714033815e-01       1.728564060678e+02 
       7.228762861568e-01       1.712133658465e+02 
       7.259811689835e-01       1.695909969550e+02 
       7.290860518610e-01       1.679888555008e+02 
       7.321909347887e-01       1.664070862657e+02 
       7.352958177658e-01       1.648463251466e+02 
       7.384007007918e-01       1.633070381813e+02 
       8.097154524643e-01       1.328574123306e+02 
       9.146144175619e-01       1.008286911528e+02 
       1.083117980468e+00       6.837702620349e+01 
